page_id,course_id,course_code,source_surface,source_kind,requested_url,resolved_url,title,canvas_object_type,canvas_object_id,depth,redirected,requires_external_handler,html_path,text_path,full_text_path,markdown_path,screenshot_path,metadata_path,html_sha256,text_sha256,captured_at,heading_count,link_count,iframe_count,module_item_count,assignment_row_count,grade_row_count
00001-mth-252-home-integral-calculus-mth-252z-400-u2026,2080857,MTH-252,home,surface,https://canvas.oregonstate.edu/courses/2080857,https://canvas.oregonstate.edu/courses/2080857,INTEGRAL CALCULUS (MTH_252Z_400_U2026),course_page,,0,,,raw_html/00001-mth-252-home-integral-calculus-mth-252z-400-u2026.html,text/00001-mth-252-home-integral-calculus-mth-252z-400-u2026.txt,text/00001-mth-252-home-integral-calculus-mth-252z-400-u2026.fulltext.txt,markdown/00001-mth-252-home-integral-calculus-mth-252z-400-u2026.md,screenshots/00001-mth-252-home-integral-calculus-mth-252z-400-u2026.png,metadata/00001-mth-252-home-integral-calculus-mth-252z-400-u2026.json,0a127e3e0294d657a934fb1fa186e0ef3bbf874f460b5ea1e858bcf017d28d8a,1357d8cfa36c4d9971817b275c36394c62ed0a1c0af92f70dbe9d217bb3ae49a,2026-07-18T06:05:03.210Z,7,52,3,0,0,0
00002-mth-252-modules-course-modules-integral-calculus-mth-252z-400-u2026,2080857,MTH-252,modules,surface,https://canvas.oregonstate.edu/courses/2080857/modules,https://canvas.oregonstate.edu/courses/2080857/modules,Course Modules: INTEGRAL CALCULUS (MTH_252Z_400_U2026),modules,,0,,,raw_html/00002-mth-252-modules-course-modules-integral-calculus-mth-252z-400-u2026.html,text/00002-mth-252-modules-course-modules-integral-calculus-mth-252z-400-u2026.txt,text/00002-mth-252-modules-course-modules-integral-calculus-mth-252z-400-u2026.fulltext.txt,markdown/00002-mth-252-modules-course-modules-integral-calculus-mth-252z-400-u2026.md,screenshots/00002-mth-252-modules-course-modules-integral-calculus-mth-252z-400-u2026.png,metadata/00002-mth-252-modules-course-modules-integral-calculus-mth-252z-400-u2026.json,acee03788a0d37745e688ac60d41444991a450a656dafc0dd2408944c4165adf,69254dbcc763cfbb39eb414f042ae3539f883dbaeaa2de3c9066adebd0190666,2026-07-18T06:05:10.631Z,48,360,2,278,0,0
00003-mth-252-assignments-integral-calculus-mth-252z-400-u2026,2080857,MTH-252,assignments,surface,https://canvas.oregonstate.edu/courses/2080857/assignments,https://canvas.oregonstate.edu/courses/2080857,INTEGRAL CALCULUS (MTH_252Z_400_U2026),course_page,,0,yes,,raw_html/00003-mth-252-assignments-integral-calculus-mth-252z-400-u2026.html,text/00003-mth-252-assignments-integral-calculus-mth-252z-400-u2026.txt,text/00003-mth-252-assignments-integral-calculus-mth-252z-400-u2026.fulltext.txt,markdown/00003-mth-252-assignments-integral-calculus-mth-252z-400-u2026.md,screenshots/00003-mth-252-assignments-integral-calculus-mth-252z-400-u2026.png,metadata/00003-mth-252-assignments-integral-calculus-mth-252z-400-u2026.json,f85be2f6dabc88bfdbb741144b34741e33a1229318d8c1798438661fba69a996,1357d8cfa36c4d9971817b275c36394c62ed0a1c0af92f70dbe9d217bb3ae49a,2026-07-18T06:05:18.745Z,7,52,3,0,0,0
00004-mth-252-grades-grades-for-jacob-peterson-integral-calculus-mth-252z-400-u2026,2080857,MTH-252,grades,surface,https://canvas.oregonstate.edu/courses/2080857/grades,https://canvas.oregonstate.edu/courses/2080857/grades,Grades for Jacob Peterson: INTEGRAL CALCULUS (MTH_252Z_400_U2026),grades,,0,,,raw_html/00004-mth-252-grades-grades-for-jacob-peterson-integral-calculus-mth-252z-400-u2026.html,text/00004-mth-252-grades-grades-for-jacob-peterson-integral-calculus-mth-252z-400-u2026.txt,text/00004-mth-252-grades-grades-for-jacob-peterson-integral-calculus-mth-252z-400-u2026.fulltext.txt,markdown/00004-mth-252-grades-grades-for-jacob-peterson-integral-calculus-mth-252z-400-u2026.md,screenshots/00004-mth-252-grades-grades-for-jacob-peterson-integral-calculus-mth-252z-400-u2026.png,metadata/00004-mth-252-grades-grades-for-jacob-peterson-integral-calculus-mth-252z-400-u2026.json,c2bb9b7bd65f3d96674e72a205b8f70fb6c3c05a5b48d8f7cf888cdd2702ff17,838a6e857c2fc95f08bea54f380f9310f70c0e93c9b53e22b82286ac0ea98c36,2026-07-18T06:05:23.937Z,1,358,2,0,0,98
00005-mth-252-announcements-announcements-integral-calculus-mth-252z-400-u2026,2080857,MTH-252,announcements,surface,https://canvas.oregonstate.edu/courses/2080857/announcements,https://canvas.oregonstate.edu/courses/2080857/announcements,Announcements: INTEGRAL CALCULUS (MTH_252Z_400_U2026),course_page,,0,,,raw_html/00005-mth-252-announcements-announcements-integral-calculus-mth-252z-400-u2026.html,text/00005-mth-252-announcements-announcements-integral-calculus-mth-252z-400-u2026.txt,text/00005-mth-252-announcements-announcements-integral-calculus-mth-252z-400-u2026.fulltext.txt,markdown/00005-mth-252-announcements-announcements-integral-calculus-mth-252z-400-u2026.md,screenshots/00005-mth-252-announcements-announcements-integral-calculus-mth-252z-400-u2026.png,metadata/00005-mth-252-announcements-announcements-integral-calculus-mth-252z-400-u2026.json,3e02a8de232a57662b0fdc8922680a7741695b4f045229cb5fdc78b8a5d5e2af,8f3c52bc93595cfa42b3682de430224218c77a4149343f4bede110571d98f6f2,2026-07-18T06:05:27.054Z,1,25,2,0,0,0
00006-mth-252-syllabus-syllabus-for-integral-calculus-mth-252z-400-u2026,2080857,MTH-252,syllabus,surface,https://canvas.oregonstate.edu/courses/2080857/assignments/syllabus,https://canvas.oregonstate.edu/courses/2080857/assignments/syllabus,Syllabus for INTEGRAL CALCULUS (MTH_252Z_400_U2026),assignment,syllabus,0,,,raw_html/00006-mth-252-syllabus-syllabus-for-integral-calculus-mth-252z-400-u2026.html,text/00006-mth-252-syllabus-syllabus-for-integral-calculus-mth-252z-400-u2026.txt,text/00006-mth-252-syllabus-syllabus-for-integral-calculus-mth-252z-400-u2026.fulltext.txt,markdown/00006-mth-252-syllabus-syllabus-for-integral-calculus-mth-252z-400-u2026.md,screenshots/00006-mth-252-syllabus-syllabus-for-integral-calculus-mth-252z-400-u2026.png,metadata/00006-mth-252-syllabus-syllabus-for-integral-calculus-mth-252z-400-u2026.json,c859615b18753bfd93044464431b6c78d26fad87850b1321a0e8a6a00c201186,038e1bfd31d7e1cf99c332c373d83d54ca3faa7191ee11dabf02b8e8f2473c81,2026-07-18T06:05:29.807Z,2,27,2,0,0,0
00007-mth-252-discussions-discussions-integral-calculus-mth-252z-400-u2026,2080857,MTH-252,discussions,surface,https://canvas.oregonstate.edu/courses/2080857/discussion_topics,https://canvas.oregonstate.edu/courses/2080857/discussion_topics,Discussions: INTEGRAL CALCULUS (MTH_252Z_400_U2026),discussions,,0,,,raw_html/00007-mth-252-discussions-discussions-integral-calculus-mth-252z-400-u2026.html,text/00007-mth-252-discussions-discussions-integral-calculus-mth-252z-400-u2026.txt,text/00007-mth-252-discussions-discussions-integral-calculus-mth-252z-400-u2026.fulltext.txt,markdown/00007-mth-252-discussions-discussions-integral-calculus-mth-252z-400-u2026.md,screenshots/00007-mth-252-discussions-discussions-integral-calculus-mth-252z-400-u2026.png,metadata/00007-mth-252-discussions-discussions-integral-calculus-mth-252z-400-u2026.json,9fafe071611f6f756d63c6967346dc4cecb7254e911d5bd7d701a54491dee131,d8514d46a55470259a829dca1b49bcce05d882e4e7f6137c92c7c94ba66735b7,2026-07-18T06:05:33.412Z,14,36,2,0,0,0
00008-mth-252-quizzes-integral-calculus-mth-252z-400-u2026,2080857,MTH-252,quizzes,surface,https://canvas.oregonstate.edu/courses/2080857/quizzes,https://canvas.oregonstate.edu/courses/2080857,INTEGRAL CALCULUS (MTH_252Z_400_U2026),course_page,,0,yes,,raw_html/00008-mth-252-quizzes-integral-calculus-mth-252z-400-u2026.html,text/00008-mth-252-quizzes-integral-calculus-mth-252z-400-u2026.txt,text/00008-mth-252-quizzes-integral-calculus-mth-252z-400-u2026.fulltext.txt,markdown/00008-mth-252-quizzes-integral-calculus-mth-252z-400-u2026.md,screenshots/00008-mth-252-quizzes-integral-calculus-mth-252z-400-u2026.png,metadata/00008-mth-252-quizzes-integral-calculus-mth-252z-400-u2026.json,21579b72bbe5fe46b1facaf8e024a04cbf9da229d56b6d60a49ca857883fa4ab,bbc1e6528e6a170f09e3fa88578ba637070109e64b5cd020deebccf5d8db9b6c,2026-07-18T06:05:38.358Z,7,52,3,0,0,0
00009-mth-253-home-sequences-and-series-mth-253z-400-u2026,2053263,MTH-253,home,surface,https://canvas.oregonstate.edu/courses/2053263,https://canvas.oregonstate.edu/courses/2053263,SEQUENCES AND SERIES (MTH_253Z_400_U2026),course_page,,0,,,raw_html/00009-mth-253-home-sequences-and-series-mth-253z-400-u2026.html,text/00009-mth-253-home-sequences-and-series-mth-253z-400-u2026.txt,text/00009-mth-253-home-sequences-and-series-mth-253z-400-u2026.fulltext.txt,markdown/00009-mth-253-home-sequences-and-series-mth-253z-400-u2026.md,screenshots/00009-mth-253-home-sequences-and-series-mth-253z-400-u2026.png,metadata/00009-mth-253-home-sequences-and-series-mth-253z-400-u2026.json,4063c09df6b7f828f9a032fbfecaa97f2e0679aa96454cf1d2eef365582dc8b5,a25815ccfada7b00d99b95478d2a6595fa56eb7e88ee26ab26fe0055b62134dc,2026-07-18T06:05:41.856Z,5,46,3,0,0,0
00010-mth-253-modules-course-modules-sequences-and-series-mth-253z-400-u2026,2053263,MTH-253,modules,surface,https://canvas.oregonstate.edu/courses/2053263/modules,https://canvas.oregonstate.edu/courses/2053263/modules,Course Modules: SEQUENCES AND SERIES (MTH_253Z_400_U2026),modules,,0,,,raw_html/00010-mth-253-modules-course-modules-sequences-and-series-mth-253z-400-u2026.html,text/00010-mth-253-modules-course-modules-sequences-and-series-mth-253z-400-u2026.txt,text/00010-mth-253-modules-course-modules-sequences-and-series-mth-253z-400-u2026.fulltext.txt,markdown/00010-mth-253-modules-course-modules-sequences-and-series-mth-253z-400-u2026.md,screenshots/00010-mth-253-modules-course-modules-sequences-and-series-mth-253z-400-u2026.png,metadata/00010-mth-253-modules-course-modules-sequences-and-series-mth-253z-400-u2026.json,0350c4266188f4fadf14cc3b812ac5dff939e8ab3d1738c74009a4c8ff40a232,7e895926733f7fa8786d5d4198392fa65eb3c535305a6e51caa0ae60e59d8258,2026-07-18T06:05:46.482Z,23,105,2,67,0,0
00011-mth-253-assignments-sequences-and-series-mth-253z-400-u2026,2053263,MTH-253,assignments,surface,https://canvas.oregonstate.edu/courses/2053263/assignments,https://canvas.oregonstate.edu/courses/2053263,SEQUENCES AND SERIES (MTH_253Z_400_U2026),course_page,,0,yes,,raw_html/00011-mth-253-assignments-sequences-and-series-mth-253z-400-u2026.html,text/00011-mth-253-assignments-sequences-and-series-mth-253z-400-u2026.txt,text/00011-mth-253-assignments-sequences-and-series-mth-253z-400-u2026.fulltext.txt,markdown/00011-mth-253-assignments-sequences-and-series-mth-253z-400-u2026.md,screenshots/00011-mth-253-assignments-sequences-and-series-mth-253z-400-u2026.png,metadata/00011-mth-253-assignments-sequences-and-series-mth-253z-400-u2026.json,0b19c0315ad37e12fc26cca83978d56cba4ac5cf71cb2fa9f237c8cb9344d0e5,a25815ccfada7b00d99b95478d2a6595fa56eb7e88ee26ab26fe0055b62134dc,2026-07-18T06:05:50.266Z,5,46,3,0,0,0
00012-mth-253-grades-grades-for-jacob-peterson-sequences-and-series-mth-253z-400-u2026,2053263,MTH-253,grades,surface,https://canvas.oregonstate.edu/courses/2053263/grades,https://canvas.oregonstate.edu/courses/2053263/grades,Grades for Jacob Peterson: SEQUENCES AND SERIES (MTH_253Z_400_U2026),grades,,0,,,raw_html/00012-mth-253-grades-grades-for-jacob-peterson-sequences-and-series-mth-253z-400-u2026.html,text/00012-mth-253-grades-grades-for-jacob-peterson-sequences-and-series-mth-253z-400-u2026.txt,text/00012-mth-253-grades-grades-for-jacob-peterson-sequences-and-series-mth-253z-400-u2026.fulltext.txt,markdown/00012-mth-253-grades-grades-for-jacob-peterson-sequences-and-series-mth-253z-400-u2026.md,screenshots/00012-mth-253-grades-grades-for-jacob-peterson-sequences-and-series-mth-253z-400-u2026.png,metadata/00012-mth-253-grades-grades-for-jacob-peterson-sequences-and-series-mth-253z-400-u2026.json,0e9865c517d8b14f30c8153fb507e1d306706cb7c28924ff172724291dda5ec0,8347932e5f1a23e1e6757a6e32e7b04a82103bb2c9e5d884620addb1c84ce85f,2026-07-18T06:06:29.675Z,1,149,2,0,0,39
00013-mth-253-announcements-announcements-sequences-and-series-mth-253z-400-u2026,2053263,MTH-253,announcements,surface,https://canvas.oregonstate.edu/courses/2053263/announcements,https://canvas.oregonstate.edu/courses/2053263/announcements,Announcements: SEQUENCES AND SERIES (MTH_253Z_400_U2026),course_page,,0,,,raw_html/00013-mth-253-announcements-announcements-sequences-and-series-mth-253z-400-u2026.html,text/00013-mth-253-announcements-announcements-sequences-and-series-mth-253z-400-u2026.txt,text/00013-mth-253-announcements-announcements-sequences-and-series-mth-253z-400-u2026.fulltext.txt,markdown/00013-mth-253-announcements-announcements-sequences-and-series-mth-253z-400-u2026.md,screenshots/00013-mth-253-announcements-announcements-sequences-and-series-mth-253z-400-u2026.png,metadata/00013-mth-253-announcements-announcements-sequences-and-series-mth-253z-400-u2026.json,6791d1056129e0b6b27076b538ebe9bb14a8c74c81caeb030733dd58f8ccc57c,bdaff299d4561042b374804231343c88f72f2fccbca0c114f99c73a9f8675bce,2026-07-18T06:06:32.158Z,4,30,2,0,0,0
00014-mth-253-syllabus-syllabus-for-sequences-and-series-mth-253z-400-u2026,2053263,MTH-253,syllabus,surface,https://canvas.oregonstate.edu/courses/2053263/assignments/syllabus,https://canvas.oregonstate.edu/courses/2053263/assignments/syllabus,Syllabus for SEQUENCES AND SERIES (MTH_253Z_400_U2026),assignment,syllabus,0,,,raw_html/00014-mth-253-syllabus-syllabus-for-sequences-and-series-mth-253z-400-u2026.html,text/00014-mth-253-syllabus-syllabus-for-sequences-and-series-mth-253z-400-u2026.txt,text/00014-mth-253-syllabus-syllabus-for-sequences-and-series-mth-253z-400-u2026.fulltext.txt,markdown/00014-mth-253-syllabus-syllabus-for-sequences-and-series-mth-253z-400-u2026.md,screenshots/00014-mth-253-syllabus-syllabus-for-sequences-and-series-mth-253z-400-u2026.png,metadata/00014-mth-253-syllabus-syllabus-for-sequences-and-series-mth-253z-400-u2026.json,31d6f0c604729797662c6fbdcd1c0dbaf7b6c460b314c58b68a33128caa7bb58,36cc6a773b9b28e07aee1c765f7f624cd11d5ede64091937c9067d16217ba763,2026-07-18T06:06:34.956Z,2,58,2,0,0,0
00015-mth-253-discussions-discussions-sequences-and-series-mth-253z-400-u2026,2053263,MTH-253,discussions,surface,https://canvas.oregonstate.edu/courses/2053263/discussion_topics,https://canvas.oregonstate.edu/courses/2053263/discussion_topics,Discussions: SEQUENCES AND SERIES (MTH_253Z_400_U2026),discussions,,0,,,raw_html/00015-mth-253-discussions-discussions-sequences-and-series-mth-253z-400-u2026.html,text/00015-mth-253-discussions-discussions-sequences-and-series-mth-253z-400-u2026.txt,text/00015-mth-253-discussions-discussions-sequences-and-series-mth-253z-400-u2026.fulltext.txt,markdown/00015-mth-253-discussions-discussions-sequences-and-series-mth-253z-400-u2026.md,screenshots/00015-mth-253-discussions-discussions-sequences-and-series-mth-253z-400-u2026.png,metadata/00015-mth-253-discussions-discussions-sequences-and-series-mth-253z-400-u2026.json,d6b6fa41312499e304b0ea08306f31dd7f51ce1483e8dfe857e3938d6a3af1b2,200d76de690abc645dd8c4dc7731206ba9b071d0217c1135a153f5091b7f3d3c,2026-07-18T06:06:37.918Z,14,39,2,0,0,0
00016-mth-253-quizzes-quizzes-sequences-and-series-mth-253z-400-u2026,2053263,MTH-253,quizzes,surface,https://canvas.oregonstate.edu/courses/2053263/quizzes,https://canvas.oregonstate.edu/courses/2053263/quizzes,Quizzes: SEQUENCES AND SERIES (MTH_253Z_400_U2026),quizzes,,0,,,raw_html/00016-mth-253-quizzes-quizzes-sequences-and-series-mth-253z-400-u2026.html,text/00016-mth-253-quizzes-quizzes-sequences-and-series-mth-253z-400-u2026.txt,text/00016-mth-253-quizzes-quizzes-sequences-and-series-mth-253z-400-u2026.fulltext.txt,markdown/00016-mth-253-quizzes-quizzes-sequences-and-series-mth-253z-400-u2026.md,screenshots/00016-mth-253-quizzes-quizzes-sequences-and-series-mth-253z-400-u2026.png,metadata/00016-mth-253-quizzes-quizzes-sequences-and-series-mth-253z-400-u2026.json,fb0a7d8a72b388e4231f2295d5e995c2fe07e2ef4dd3dbe92f43ed2fa1ac1790,c7a4a5390dc4261b02ab2b8d37559011359fe75b7e595afea51a0f8f312f2fb6,2026-07-18T06:06:41.604Z,3,35,2,0,0,0
00017-phy-212-home-general-physics-with-calculus-ph-212-400-u2026,2053526,PHY-212,home,surface,https://canvas.oregonstate.edu/courses/2053526,https://canvas.oregonstate.edu/courses/2053526,GENERAL PHYSICS WITH CALCULUS (PH_212_400_U2026),course_page,,0,,,raw_html/00017-phy-212-home-general-physics-with-calculus-ph-212-400-u2026.html,text/00017-phy-212-home-general-physics-with-calculus-ph-212-400-u2026.txt,text/00017-phy-212-home-general-physics-with-calculus-ph-212-400-u2026.fulltext.txt,markdown/00017-phy-212-home-general-physics-with-calculus-ph-212-400-u2026.md,screenshots/00017-phy-212-home-general-physics-with-calculus-ph-212-400-u2026.png,metadata/00017-phy-212-home-general-physics-with-calculus-ph-212-400-u2026.json,bbfd9d768a0c7d754dd68f214642f848f5f81cf3bd3250b653220b1085c9c455,84f53f7bf58db7c9030a0988da66770fd13c44036b1b71f74a7bd195c4f30cb5,2026-07-18T06:06:44.855Z,5,60,2,0,0,0
00018-phy-212-modules-course-modules-general-physics-with-calculus-ph-212-400-u2026,2053526,PHY-212,modules,surface,https://canvas.oregonstate.edu/courses/2053526/modules,https://canvas.oregonstate.edu/courses/2053526/modules,Course Modules: GENERAL PHYSICS WITH CALCULUS (PH_212_400_U2026),modules,,0,,,raw_html/00018-phy-212-modules-course-modules-general-physics-with-calculus-ph-212-400-u2026.html,text/00018-phy-212-modules-course-modules-general-physics-with-calculus-ph-212-400-u2026.txt,text/00018-phy-212-modules-course-modules-general-physics-with-calculus-ph-212-400-u2026.fulltext.txt,markdown/00018-phy-212-modules-course-modules-general-physics-with-calculus-ph-212-400-u2026.md,screenshots/00018-phy-212-modules-course-modules-general-physics-with-calculus-ph-212-400-u2026.png,metadata/00018-phy-212-modules-course-modules-general-physics-with-calculus-ph-212-400-u2026.json,a34c933ac235ba5afe2f34c46032196b233f33828e5e1cf3325a819315d735a3,6ec2774e897018aed15b130d990389dd119ab3cb6806eff7ab90bc81a119f95f,2026-07-18T06:06:49.235Z,10,118,2,61,0,0
00019-phy-212-assignments-assignments-general-physics-with-calculus-ph-212-400-u2026,2053526,PHY-212,assignments,surface,https://canvas.oregonstate.edu/courses/2053526/assignments,https://canvas.oregonstate.edu/courses/2053526/assignments,Assignments: GENERAL PHYSICS WITH CALCULUS (PH_212_400_U2026),assignments,,0,,,raw_html/00019-phy-212-assignments-assignments-general-physics-with-calculus-ph-212-400-u2026.html,text/00019-phy-212-assignments-assignments-general-physics-with-calculus-ph-212-400-u2026.txt,text/00019-phy-212-assignments-assignments-general-physics-with-calculus-ph-212-400-u2026.fulltext.txt,markdown/00019-phy-212-assignments-assignments-general-physics-with-calculus-ph-212-400-u2026.md,screenshots/00019-phy-212-assignments-assignments-general-physics-with-calculus-ph-212-400-u2026.png,metadata/00019-phy-212-assignments-assignments-general-physics-with-calculus-ph-212-400-u2026.json,faf61b6059db9d3e38c3beb633fded5d361429c8a55b1288bed1a9e9ff13017b,22e0c92ec81fc9400e35c233998fb566c6f39f4fea2b1dea074282917179c3a0,2026-07-18T06:06:53.059Z,1,33,2,0,0,0
00020-phy-212-grades-grades-for-jacob-peterson-general-physics-with-calculus-ph-212-400-u2026,2053526,PHY-212,grades,surface,https://canvas.oregonstate.edu/courses/2053526/grades,https://canvas.oregonstate.edu/courses/2053526/grades,Grades for Jacob Peterson: GENERAL PHYSICS WITH CALCULUS (PH_212_400_U2026),grades,,0,,,raw_html/00020-phy-212-grades-grades-for-jacob-peterson-general-physics-with-calculus-ph-212-400-u2026.html,text/00020-phy-212-grades-grades-for-jacob-peterson-general-physics-with-calculus-ph-212-400-u2026.txt,text/00020-phy-212-grades-grades-for-jacob-peterson-general-physics-with-calculus-ph-212-400-u2026.fulltext.txt,markdown/00020-phy-212-grades-grades-for-jacob-peterson-general-physics-with-calculus-ph-212-400-u2026.md,screenshots/00020-phy-212-grades-grades-for-jacob-peterson-general-physics-with-calculus-ph-212-400-u2026.png,metadata/00020-phy-212-grades-grades-for-jacob-peterson-general-physics-with-calculus-ph-212-400-u2026.json,76110b53a4b44c555a02bbff6e03b70c731f59358fd5d55aaa23bec0bf5f147d,2cc38233c616d48a36a548fbc6c55e57296c4ca4799bb587dab9b18ad0cbe661,2026-07-18T06:07:00.993Z,1,671,2,0,0,305
00021-phy-212-announcements-announcements-general-physics-with-calculus-ph-212-400-u2026,2053526,PHY-212,announcements,surface,https://canvas.oregonstate.edu/courses/2053526/announcements,https://canvas.oregonstate.edu/courses/2053526/announcements,Announcements: GENERAL PHYSICS WITH CALCULUS (PH_212_400_U2026),course_page,,0,,,raw_html/00021-phy-212-announcements-announcements-general-physics-with-calculus-ph-212-400-u2026.html,text/00021-phy-212-announcements-announcements-general-physics-with-calculus-ph-212-400-u2026.txt,text/00021-phy-212-announcements-announcements-general-physics-with-calculus-ph-212-400-u2026.fulltext.txt,markdown/00021-phy-212-announcements-announcements-general-physics-with-calculus-ph-212-400-u2026.md,screenshots/00021-phy-212-announcements-announcements-general-physics-with-calculus-ph-212-400-u2026.png,metadata/00021-phy-212-announcements-announcements-general-physics-with-calculus-ph-212-400-u2026.json,e9e8b5ab3df621f3bae866516d03bc548c1307662811c611c020a28503c36b7e,75262bfed9614210707938a2ae3b1fe2ba15f449a0d89fbad32b53f7fc1066fc,2026-07-18T06:07:04.510Z,9,39,2,0,0,0
00022-phy-212-syllabus-syllabus-for-general-physics-with-calculus-ph-212-400-u2026,2053526,PHY-212,syllabus,surface,https://canvas.oregonstate.edu/courses/2053526/assignments/syllabus,https://canvas.oregonstate.edu/courses/2053526/assignments/syllabus,Syllabus for GENERAL PHYSICS WITH CALCULUS (PH_212_400_U2026),assignment,syllabus,0,,,raw_html/00022-phy-212-syllabus-syllabus-for-general-physics-with-calculus-ph-212-400-u2026.html,text/00022-phy-212-syllabus-syllabus-for-general-physics-with-calculus-ph-212-400-u2026.txt,text/00022-phy-212-syllabus-syllabus-for-general-physics-with-calculus-ph-212-400-u2026.fulltext.txt,markdown/00022-phy-212-syllabus-syllabus-for-general-physics-with-calculus-ph-212-400-u2026.md,screenshots/00022-phy-212-syllabus-syllabus-for-general-physics-with-calculus-ph-212-400-u2026.png,metadata/00022-phy-212-syllabus-syllabus-for-general-physics-with-calculus-ph-212-400-u2026.json,8953db24e870d889951be73dde99d3cfc16c56464d28dab5d5b670b825ef9fbd,0df383563515371e39ede3d3237800272294a41099235ac0c83e41d828eeb012,2026-07-18T06:07:07.958Z,2,33,2,0,0,0
00023-phy-212-discussions-discussions-general-physics-with-calculus-ph-212-400-u2026,2053526,PHY-212,discussions,surface,https://canvas.oregonstate.edu/courses/2053526/discussion_topics,https://canvas.oregonstate.edu/courses/2053526/discussion_topics,Discussions: GENERAL PHYSICS WITH CALCULUS (PH_212_400_U2026),discussions,,0,,,raw_html/00023-phy-212-discussions-discussions-general-physics-with-calculus-ph-212-400-u2026.html,text/00023-phy-212-discussions-discussions-general-physics-with-calculus-ph-212-400-u2026.txt,text/00023-phy-212-discussions-discussions-general-physics-with-calculus-ph-212-400-u2026.fulltext.txt,markdown/00023-phy-212-discussions-discussions-general-physics-with-calculus-ph-212-400-u2026.md,screenshots/00023-phy-212-discussions-discussions-general-physics-with-calculus-ph-212-400-u2026.png,metadata/00023-phy-212-discussions-discussions-general-physics-with-calculus-ph-212-400-u2026.json,89fdf870fa5f132d728f317fdad8f1da6c755603f937ca0182d61678c08751e9,474c4a81a51db1dea6aff5af4231fcc8183449cac03a5ab638b89f8c1a6a0cc0,2026-07-18T06:07:12.477Z,15,44,2,0,0,0
00024-phy-212-quizzes-general-physics-with-calculus-ph-212-400-u2026,2053526,PHY-212,quizzes,surface,https://canvas.oregonstate.edu/courses/2053526/quizzes,https://canvas.oregonstate.edu/courses/2053526,GENERAL PHYSICS WITH CALCULUS (PH_212_400_U2026),course_page,,0,yes,,raw_html/00024-phy-212-quizzes-general-physics-with-calculus-ph-212-400-u2026.html,text/00024-phy-212-quizzes-general-physics-with-calculus-ph-212-400-u2026.txt,text/00024-phy-212-quizzes-general-physics-with-calculus-ph-212-400-u2026.fulltext.txt,markdown/00024-phy-212-quizzes-general-physics-with-calculus-ph-212-400-u2026.md,screenshots/00024-phy-212-quizzes-general-physics-with-calculus-ph-212-400-u2026.png,metadata/00024-phy-212-quizzes-general-physics-with-calculus-ph-212-400-u2026.json,9e8fb6ba22b135a5b39ede2cec7a24c94d4005d51b3e38e0966161de34c828f7,84f53f7bf58db7c9030a0988da66770fd13c44036b1b71f74a7bd195c4f30cb5,2026-07-18T06:07:16.407Z,5,60,2,0,0,0
00025-mth-252-linked-detail-topic-me1-mini-exam-1-graded,2080857,MTH-252,linked_detail,linked_detail,https://canvas.oregonstate.edu/courses/2080857/discussion_topics/11611410,https://canvas.oregonstate.edu/courses/2080857/discussion_topics/11611410,Topic: ME1 (mini-exam 1) graded,discussion,11611410,1,,,raw_html/00025-mth-252-linked-detail-topic-me1-mini-exam-1-graded.html,text/00025-mth-252-linked-detail-topic-me1-mini-exam-1-graded.txt,text/00025-mth-252-linked-detail-topic-me1-mini-exam-1-graded.fulltext.txt,markdown/00025-mth-252-linked-detail-topic-me1-mini-exam-1-graded.md,,metadata/00025-mth-252-linked-detail-topic-me1-mini-exam-1-graded.json,a8dc0005e811e5271c3a8488ae5d265a890de3a8963bbbe459ee089214d5c3ab,5d0428198a54379776c518d7d4d0023b27f60fc38ad04a4119a8faa8dffc6a4a,2026-07-18T06:07:22.204Z,1,28,3,0,0,0
00026-mth-252-module-item-whw1-key-pdf-integral-calculus-mth-252z-400-u2026,2080857,MTH-252,module_item,module_item,https://canvas.oregonstate.edu/courses/2080857/modules/items/26982502,https://canvas.oregonstate.edu/courses/2080857/files/119223581?module_item_id=26982502,WHW1-Key.pdf: INTEGRAL CALCULUS (MTH_252Z_400_U2026),file,119223581,1,yes,,raw_html/00026-mth-252-module-item-whw1-key-pdf-integral-calculus-mth-252z-400-u2026.html,text/00026-mth-252-module-item-whw1-key-pdf-integral-calculus-mth-252z-400-u2026.txt,text/00026-mth-252-module-item-whw1-key-pdf-integral-calculus-mth-252z-400-u2026.fulltext.txt,markdown/00026-mth-252-module-item-whw1-key-pdf-integral-calculus-mth-252z-400-u2026.md,,metadata/00026-mth-252-module-item-whw1-key-pdf-integral-calculus-mth-252z-400-u2026.json,b81fd7e52c2de0c9e4670881cecb68316583b5ebdb9b328447dd9c3f83c274eb,2b22b18844d90f0857aca70cb41ee709d3935fce74ff6d176060cfbddbfa67f7,2026-07-18T06:07:24.752Z,1,30,4,0,0,0
00027-mth-252-module-item-whw2-key-pdf-integral-calculus-mth-252z-400-u2026,2080857,MTH-252,module_item,module_item,https://canvas.oregonstate.edu/courses/2080857/modules/items/26982503,https://canvas.oregonstate.edu/courses/2080857/files/119223582?module_item_id=26982503,WHW2-Key.pdf: INTEGRAL CALCULUS (MTH_252Z_400_U2026),file,119223582,1,yes,,raw_html/00027-mth-252-module-item-whw2-key-pdf-integral-calculus-mth-252z-400-u2026.html,text/00027-mth-252-module-item-whw2-key-pdf-integral-calculus-mth-252z-400-u2026.txt,text/00027-mth-252-module-item-whw2-key-pdf-integral-calculus-mth-252z-400-u2026.fulltext.txt,markdown/00027-mth-252-module-item-whw2-key-pdf-integral-calculus-mth-252z-400-u2026.md,,metadata/00027-mth-252-module-item-whw2-key-pdf-integral-calculus-mth-252z-400-u2026.json,990b67670cf8435a1254ab8af4d3a56e87e77412342c50711bae455d6485dd84,c8cb12ecd02f0a18d291438b94b6cd64a5d8561b5689cb742862dffe0becab08,2026-07-18T06:07:27.811Z,1,31,4,0,0,0
00028-mth-252-module-item-whw3-key-pdf-integral-calculus-mth-252z-400-u2026,2080857,MTH-252,module_item,module_item,https://canvas.oregonstate.edu/courses/2080857/modules/items/26982504,https://canvas.oregonstate.edu/courses/2080857/files/119223584?module_item_id=26982504,WHW3-Key.pdf: INTEGRAL CALCULUS (MTH_252Z_400_U2026),file,119223584,1,yes,,raw_html/00028-mth-252-module-item-whw3-key-pdf-integral-calculus-mth-252z-400-u2026.html,text/00028-mth-252-module-item-whw3-key-pdf-integral-calculus-mth-252z-400-u2026.txt,text/00028-mth-252-module-item-whw3-key-pdf-integral-calculus-mth-252z-400-u2026.fulltext.txt,markdown/00028-mth-252-module-item-whw3-key-pdf-integral-calculus-mth-252z-400-u2026.md,,metadata/00028-mth-252-module-item-whw3-key-pdf-integral-calculus-mth-252z-400-u2026.json,4a4d91fe46f7e1f63afbd0eeca256cf61117a3eb95b55e569bfdc77f3ab947e8,0498a730a4b0eade98c09fad99b1640b2230f63331887a473eb4e4b2a1769d80,2026-07-18T06:07:30.456Z,1,31,4,0,0,0
00029-mth-252-module-item-start-here-overview-integral-calculus-mth-252z-400-u2026,2080857,MTH-252,module_item,module_item,https://canvas.oregonstate.edu/courses/2080857/modules/items/26982519,https://canvas.oregonstate.edu/courses/2080857/pages/start-here-overview?module_item_id=26982519,Start Here — Overview: INTEGRAL CALCULUS (MTH_252Z_400_U2026),page,start-here-overview,1,yes,,raw_html/00029-mth-252-module-item-start-here-overview-integral-calculus-mth-252z-400-u2026.html,text/00029-mth-252-module-item-start-here-overview-integral-calculus-mth-252z-400-u2026.txt,text/00029-mth-252-module-item-start-here-overview-integral-calculus-mth-252z-400-u2026.fulltext.txt,markdown/00029-mth-252-module-item-start-here-overview-integral-calculus-mth-252z-400-u2026.md,,metadata/00029-mth-252-module-item-start-here-overview-integral-calculus-mth-252z-400-u2026.json,937a59bd8650d58d9628bce603ec66fb3fa5bcf2c2683868d3e024d10b3fc7eb,a358e5c8452a1e50b8bacdcae7f79bda2329452d0224f154099d03e550b5695a,2026-07-18T06:07:34.605Z,1,26,3,0,0,0
00030-mth-252-module-item-start-here-instructor-information-communication-policy-integral-calculus-mth-252z-400-u2026,2080857,MTH-252,module_item,module_item,https://canvas.oregonstate.edu/courses/2080857/modules/items/26982520,https://canvas.oregonstate.edu/courses/2080857/pages/start-here-instructor-information-and-communication-policy?module_item_id=26982520,Start Here — Instructor Information & Communication Policy: INTEGRAL CALCULUS (MTH_252Z_400_U2026),page,start-here-instructor-information-and-communication-policy,1,yes,,raw_html/00030-mth-252-module-item-start-here-instructor-information-communication-policy-integral-calculus-mth-252z-400-u2026.html,text/00030-mth-252-module-item-start-here-instructor-information-communication-policy-integral-calculus-mth-252z-400-u2026.txt,text/00030-mth-252-module-item-start-here-instructor-information-communication-policy-integral-calculus-mth-252z-400-u2026.fulltext.txt,markdown/00030-mth-252-module-item-start-here-instructor-information-communication-policy-integral-calculus-mth-252z-400-u2026.md,,metadata/00030-mth-252-module-item-start-here-instructor-information-communication-policy-integral-calculus-mth-252z-400-u2026.json,74f4c9b4448639c2c51753765f43e32d657c3c382f8c401f3505ccba5d138c92,38254742d0c56dcb9376025c5138fe5df1f387e96a1f888e4f45e9127f963e06,2026-07-18T06:07:37.507Z,4,28,3,0,0,0
00031-mth-252-module-item-syllabus-and-calendar-as-of-7-05-both-sections-400-and-401-integral-calculus-mth-252z-400-u2026,2080857,MTH-252,module_item,module_item,https://canvas.oregonstate.edu/courses/2080857/modules/items/26982522,https://canvas.oregonstate.edu/courses/2080857/pages/syllabus-and-calendar-as-of-7-slash-05-%3E-both-sections-400-and-401?module_item_id=26982522,Syllabus and Calendar (as of 7/05) --> Both Sections 400 and 401: INTEGRAL CALCULUS (MTH_252Z_400_U2026),page,syllabus-and-calendar-as-of-7-slash-05-%3E-both-sections-400-and-401,1,yes,,raw_html/00031-mth-252-module-item-syllabus-and-calendar-as-of-7-05-both-sections-400-and-401-integral-calculus-mth-252z-400-u2026.html,text/00031-mth-252-module-item-syllabus-and-calendar-as-of-7-05-both-sections-400-and-401-integral-calculus-mth-252z-400-u2026.txt,text/00031-mth-252-module-item-syllabus-and-calendar-as-of-7-05-both-sections-400-and-401-integral-calculus-mth-252z-400-u2026.fulltext.txt,markdown/00031-mth-252-module-item-syllabus-and-calendar-as-of-7-05-both-sections-400-and-401-integral-calculus-mth-252z-400-u2026.md,,metadata/00031-mth-252-module-item-syllabus-and-calendar-as-of-7-05-both-sections-400-and-401-integral-calculus-mth-252z-400-u2026.json,1d1764bc907c719969318fc8489f96cfff529ff5a83d6af11d1cb624b253a38a,5a30777d4476250b5ea04f495f3c3a14c29ef5e1ea89f1b101aa6f9d538da047,2026-07-18T06:07:40.554Z,1,43,3,0,0,0
00032-mth-252-module-item-get-your-mth-252z-course-materials-access-code-ebook-integral-calculus-mth-252z-400-u2026,2080857,MTH-252,module_item,module_item,https://canvas.oregonstate.edu/courses/2080857/modules/items/26990499,https://canvas.oregonstate.edu/courses/2080857/pages/get-your-mth-252z-course-materials-access-code-+-ebook?module_item_id=26990499,Get your MTH 252Z Course Materials! (Access Code + Ebook) : INTEGRAL CALCULUS (MTH_252Z_400_U2026),page,get-your-mth-252z-course-materials-access-code-+-ebook,1,yes,,raw_html/00032-mth-252-module-item-get-your-mth-252z-course-materials-access-code-ebook-integral-calculus-mth-252z-400-u2026.html,text/00032-mth-252-module-item-get-your-mth-252z-course-materials-access-code-ebook-integral-calculus-mth-252z-400-u2026.txt,text/00032-mth-252-module-item-get-your-mth-252z-course-materials-access-code-ebook-integral-calculus-mth-252z-400-u2026.fulltext.txt,markdown/00032-mth-252-module-item-get-your-mth-252z-course-materials-access-code-ebook-integral-calculus-mth-252z-400-u2026.md,,metadata/00032-mth-252-module-item-get-your-mth-252z-course-materials-access-code-ebook-integral-calculus-mth-252z-400-u2026.json,b0ecbb28c9924bf032d0545066c9c354e755b0e44070a3aeb7eec82c2239e180,24a3e961a07becb3617d37d47665dff1831425ccc8f1503e6e161bbee4a54cb5,2026-07-18T06:07:43.256Z,1,30,3,0,0,0
00033-mth-252-module-item-achieve-registration-process-v3-pdf-integral-calculus-mth-252z-400-u2026,2080857,MTH-252,module_item,module_item,https://canvas.oregonstate.edu/courses/2080857/modules/items/26982524,https://canvas.oregonstate.edu/courses/2080857/files/119223565?module_item_id=26982524,Achieve Registration Process_v3.pdf: INTEGRAL CALCULUS (MTH_252Z_400_U2026),file,119223565,1,yes,,raw_html/00033-mth-252-module-item-achieve-registration-process-v3-pdf-integral-calculus-mth-252z-400-u2026.html,text/00033-mth-252-module-item-achieve-registration-process-v3-pdf-integral-calculus-mth-252z-400-u2026.txt,text/00033-mth-252-module-item-achieve-registration-process-v3-pdf-integral-calculus-mth-252z-400-u2026.fulltext.txt,markdown/00033-mth-252-module-item-achieve-registration-process-v3-pdf-integral-calculus-mth-252z-400-u2026.md,,metadata/00033-mth-252-module-item-achieve-registration-process-v3-pdf-integral-calculus-mth-252z-400-u2026.json,34be1b9bf0e8ddc58fa7ad8d9d00345a2d96a88408c76465b665a898ad3903c7,11492b3b6e08c3d4fae1e2119db28ee384b2f522644f4883793ae685c393411d,2026-07-18T06:07:46.666Z,1,31,4,0,0,0
00034-mth-252-module-item-free-trial-grace-period-in-achieve-2-weeks-integral-calculus-mth-252z-400-u2026,2080857,MTH-252,module_item,module_item,https://canvas.oregonstate.edu/courses/2080857/modules/items/26982525,https://canvas.oregonstate.edu/courses/2080857/pages/free-trial-slash-grace-period-in-achieve-2-weeks?module_item_id=26982525,Free Trial/Grace Period in Achieve (2 weeks): INTEGRAL CALCULUS (MTH_252Z_400_U2026),page,free-trial-slash-grace-period-in-achieve-2-weeks,1,yes,,raw_html/00034-mth-252-module-item-free-trial-grace-period-in-achieve-2-weeks-integral-calculus-mth-252z-400-u2026.html,text/00034-mth-252-module-item-free-trial-grace-period-in-achieve-2-weeks-integral-calculus-mth-252z-400-u2026.txt,text/00034-mth-252-module-item-free-trial-grace-period-in-achieve-2-weeks-integral-calculus-mth-252z-400-u2026.fulltext.txt,markdown/00034-mth-252-module-item-free-trial-grace-period-in-achieve-2-weeks-integral-calculus-mth-252z-400-u2026.md,,metadata/00034-mth-252-module-item-free-trial-grace-period-in-achieve-2-weeks-integral-calculus-mth-252z-400-u2026.json,0ff334e74805e16df45a96b93181f518902286602c80496ed7faa473a6fca003,2d4af4d00da5e611a9bac0bf1c76cd5b688f9f4d0c0e34fd5aad948f043e01fd,2026-07-18T06:07:49.657Z,1,28,3,0,0,0
00035-mth-252-module-item-gradescope-submission-using-phone-no-audio,2080857,MTH-252,module_item,module_item,https://canvas.oregonstate.edu/courses/2080857/modules/items/26982529,https://canvas.oregonstate.edu/courses/2080857/modules/items/26982529,Gradescope Submission Using Phone (no audio),module_item,26982529,1,,yes,raw_html/00035-mth-252-module-item-gradescope-submission-using-phone-no-audio.html,text/00035-mth-252-module-item-gradescope-submission-using-phone-no-audio.txt,text/00035-mth-252-module-item-gradescope-submission-using-phone-no-audio.fulltext.txt,markdown/00035-mth-252-module-item-gradescope-submission-using-phone-no-audio.md,,metadata/00035-mth-252-module-item-gradescope-submission-using-phone-no-audio.json,7bb0a9ebf3b4835c63fb0401e695c4ddc0c086f20b9c70f368aede58ec888ce0,10c2137a3678a6e7c690ddf3a806a40f80a9a4a7caf6d16b8a951f3490ec4aa2,2026-07-18T06:07:52.905Z,0,29,3,0,0,0
00036-mth-252-module-item-gradescope-submission-using-computer-no-audio,2080857,MTH-252,module_item,module_item,https://canvas.oregonstate.edu/courses/2080857/modules/items/26982530,https://canvas.oregonstate.edu/courses/2080857/modules/items/26982530,Gradescope Submission Using Computer (no audio),module_item,26982530,1,,yes,raw_html/00036-mth-252-module-item-gradescope-submission-using-computer-no-audio.html,text/00036-mth-252-module-item-gradescope-submission-using-computer-no-audio.txt,text/00036-mth-252-module-item-gradescope-submission-using-computer-no-audio.fulltext.txt,markdown/00036-mth-252-module-item-gradescope-submission-using-computer-no-audio.md,,metadata/00036-mth-252-module-item-gradescope-submission-using-computer-no-audio.json,ccd6a474d99f7cda7db536663fd559781bbdb9f229ab84446d9bbd61f8b006da,cdc2eb8ea2a0ff57090d2c34d0b067b096fabf4a54a1a27ef2e0cbbbf504da5f,2026-07-18T06:07:55.457Z,0,29,3,0,0,0
00037-mth-252-module-item-start-here-where-to-go-for-help-integral-calculus-mth-252z-400-u2026,2080857,MTH-252,module_item,module_item,https://canvas.oregonstate.edu/courses/2080857/modules/items/26982531,https://canvas.oregonstate.edu/courses/2080857/pages/start-here-where-to-go-for-help?module_item_id=26982531,Start Here — Where to go for help?: INTEGRAL CALCULUS (MTH_252Z_400_U2026),page,start-here-where-to-go-for-help,1,yes,,raw_html/00037-mth-252-module-item-start-here-where-to-go-for-help-integral-calculus-mth-252z-400-u2026.html,text/00037-mth-252-module-item-start-here-where-to-go-for-help-integral-calculus-mth-252z-400-u2026.txt,text/00037-mth-252-module-item-start-here-where-to-go-for-help-integral-calculus-mth-252z-400-u2026.fulltext.txt,markdown/00037-mth-252-module-item-start-here-where-to-go-for-help-integral-calculus-mth-252z-400-u2026.md,,metadata/00037-mth-252-module-item-start-here-where-to-go-for-help-integral-calculus-mth-252z-400-u2026.json,434ae5b36a4dffe8d170989a1f893fea35da349aad4535ab2775ea6dd770165f,3b9c70e62d2e9ba48a5d8c7088601bb52dab4bbf7947cf690a889ca97325fc13,2026-07-18T06:07:58.807Z,3,29,3,0,0,0
00038-mth-252-module-item-start-here-accessibility-statements-privacy-policies-integral-calculus-mth-252z-400-u2026,2080857,MTH-252,module_item,module_item,https://canvas.oregonstate.edu/courses/2080857/modules/items/26982532,https://canvas.oregonstate.edu/courses/2080857/pages/start-here-accessibility-statements-and-privacy-policies?module_item_id=26982532,Start Here — Accessibility Statements & Privacy Policies: INTEGRAL CALCULUS (MTH_252Z_400_U2026),page,start-here-accessibility-statements-and-privacy-policies,1,yes,,raw_html/00038-mth-252-module-item-start-here-accessibility-statements-privacy-policies-integral-calculus-mth-252z-400-u2026.html,text/00038-mth-252-module-item-start-here-accessibility-statements-privacy-policies-integral-calculus-mth-252z-400-u2026.txt,text/00038-mth-252-module-item-start-here-accessibility-statements-privacy-policies-integral-calculus-mth-252z-400-u2026.fulltext.txt,markdown/00038-mth-252-module-item-start-here-accessibility-statements-privacy-policies-integral-calculus-mth-252z-400-u2026.md,,metadata/00038-mth-252-module-item-start-here-accessibility-statements-privacy-policies-integral-calculus-mth-252z-400-u2026.json,30465a9b98eab4c0d58adb8f9890bb50eb39dd039760c094c93625f329e1048a,836b47d4e42f9e4d83da06241f6441b89a7abd360f63bbd348b62ec358f7c006,2026-07-18T06:08:01.860Z,3,30,3,0,0,0
00039-mth-252-module-item-start-here-sources-cited-integral-calculus-mth-252z-400-u2026,2080857,MTH-252,module_item,module_item,https://canvas.oregonstate.edu/courses/2080857/modules/items/26982533,https://canvas.oregonstate.edu/courses/2080857/pages/start-here-sources-cited?module_item_id=26982533,Start Here — Sources Cited: INTEGRAL CALCULUS (MTH_252Z_400_U2026),page,start-here-sources-cited,1,yes,,raw_html/00039-mth-252-module-item-start-here-sources-cited-integral-calculus-mth-252z-400-u2026.html,text/00039-mth-252-module-item-start-here-sources-cited-integral-calculus-mth-252z-400-u2026.txt,text/00039-mth-252-module-item-start-here-sources-cited-integral-calculus-mth-252z-400-u2026.fulltext.txt,markdown/00039-mth-252-module-item-start-here-sources-cited-integral-calculus-mth-252z-400-u2026.md,,metadata/00039-mth-252-module-item-start-here-sources-cited-integral-calculus-mth-252z-400-u2026.json,3ded48edb62066134f1c3bf4546fb9b13462eb9d11d69750ee5971a9382b4069,470154db96069066046ac86a4ee147f4747456b82c30118453ecf2ba7cce7e3f,2026-07-18T06:08:04.555Z,2,28,3,0,0,0
00040-mth-252-module-item-start-here-conclusion-integral-calculus-mth-252z-400-u2026,2080857,MTH-252,module_item,module_item,https://canvas.oregonstate.edu/courses/2080857/modules/items/26982534,https://canvas.oregonstate.edu/courses/2080857/pages/start-here-conclusion?module_item_id=26982534,Start Here — Conclusion: INTEGRAL CALCULUS (MTH_252Z_400_U2026),page,start-here-conclusion,1,yes,,raw_html/00040-mth-252-module-item-start-here-conclusion-integral-calculus-mth-252z-400-u2026.html,text/00040-mth-252-module-item-start-here-conclusion-integral-calculus-mth-252z-400-u2026.txt,text/00040-mth-252-module-item-start-here-conclusion-integral-calculus-mth-252z-400-u2026.fulltext.txt,markdown/00040-mth-252-module-item-start-here-conclusion-integral-calculus-mth-252z-400-u2026.md,,metadata/00040-mth-252-module-item-start-here-conclusion-integral-calculus-mth-252z-400-u2026.json,b88fe83a259a11f41e71185d2d1a2e20a578467efeab73fbdc16c21f2f759a01,fcfb17b3638b5325c7c6fbc6dc22a06261bd95773b894adff31964be81483bf4,2026-07-18T06:08:07.357Z,1,29,3,0,0,0
00041-mth-252-module-item-topic-q-a-discussion,2080857,MTH-252,module_item,module_item,https://canvas.oregonstate.edu/courses/2080857/modules/items/26982539,https://canvas.oregonstate.edu/courses/2080857/discussion_topics/11593476?module_item_id=26982539,Topic: Q&A Discussion,discussion,11593476,1,yes,,raw_html/00041-mth-252-module-item-topic-q-a-discussion.html,text/00041-mth-252-module-item-topic-q-a-discussion.txt,text/00041-mth-252-module-item-topic-q-a-discussion.fulltext.txt,markdown/00041-mth-252-module-item-topic-q-a-discussion.md,,metadata/00041-mth-252-module-item-topic-q-a-discussion.json,dba26b66146631f94722fcf555bc727b201b9da33ed07796d57d4b2f729ed3e5,e3b0c44298fc1c149afbf4c8996fb92427ae41e4649b934ca495991b7852b855,2026-07-18T06:08:10.255Z,0,27,3,0,0,0
00042-mth-252-module-item-mlc-hours-pdf-integral-calculus-mth-252z-400-u2026,2080857,MTH-252,module_item,module_item,https://canvas.oregonstate.edu/courses/2080857/modules/items/26982536,https://canvas.oregonstate.edu/courses/2080857/files/119223484?module_item_id=26982536,MLC Hours.pdf: INTEGRAL CALCULUS (MTH_252Z_400_U2026),file,119223484,1,yes,,raw_html/00042-mth-252-module-item-mlc-hours-pdf-integral-calculus-mth-252z-400-u2026.html,text/00042-mth-252-module-item-mlc-hours-pdf-integral-calculus-mth-252z-400-u2026.txt,text/00042-mth-252-module-item-mlc-hours-pdf-integral-calculus-mth-252z-400-u2026.fulltext.txt,markdown/00042-mth-252-module-item-mlc-hours-pdf-integral-calculus-mth-252z-400-u2026.md,,metadata/00042-mth-252-module-item-mlc-hours-pdf-integral-calculus-mth-252z-400-u2026.json,7b5689eaed2468f17b5eb39b98e722884919dbad009bc7b7e382dd8d189a6729,9b92fd7e4ba6e9554634805f924a387d33a791e87e2faaf128e5802d08da80eb,2026-07-18T06:08:13.048Z,1,31,4,0,0,0
00043-mth-252-module-item-how-to-videos-integral-calculus-mth-252z-400-u2026,2080857,MTH-252,module_item,module_item,https://canvas.oregonstate.edu/courses/2080857/modules/items/26982537,https://canvas.oregonstate.edu/courses/2080857/pages/how-to-videos?module_item_id=26982537,How-To Videos: INTEGRAL CALCULUS (MTH_252Z_400_U2026),page,how-to-videos,1,yes,,raw_html/00043-mth-252-module-item-how-to-videos-integral-calculus-mth-252z-400-u2026.html,text/00043-mth-252-module-item-how-to-videos-integral-calculus-mth-252z-400-u2026.txt,text/00043-mth-252-module-item-how-to-videos-integral-calculus-mth-252z-400-u2026.fulltext.txt,markdown/00043-mth-252-module-item-how-to-videos-integral-calculus-mth-252z-400-u2026.md,,metadata/00043-mth-252-module-item-how-to-videos-integral-calculus-mth-252z-400-u2026.json,110f350d33d4e2abee1accf08364143f8228f9cd369b9f1bd939c1a29bf8462a,db14b2346c9c9ba58ebc91b3d73ec57a1a36b1365556c43e9eb8ab95242af205,2026-07-18T06:08:16.905Z,4,26,6,0,0,0
00044-mth-252-module-item-review-optional-3-3-differentiation-rules,2080857,MTH-252,module_item,module_item,https://canvas.oregonstate.edu/courses/2080857/modules/items/26982540,https://canvas.oregonstate.edu/courses/2080857/modules/items/26982540,Review (Optional) - 3.3 Differentiation Rules,module_item,26982540,1,,yes,raw_html/00044-mth-252-module-item-review-optional-3-3-differentiation-rules.html,text/00044-mth-252-module-item-review-optional-3-3-differentiation-rules.txt,text/00044-mth-252-module-item-review-optional-3-3-differentiation-rules.fulltext.txt,markdown/00044-mth-252-module-item-review-optional-3-3-differentiation-rules.md,,metadata/00044-mth-252-module-item-review-optional-3-3-differentiation-rules.json,f3afdf289a26deebb42e421b2c501aefbd9786c2811170dd242d5e1f22ed2e8c,5caaad755e47b5f6d145788bcff46c602426e52b2af089f1f1d3cf037dd6ca1b,2026-07-18T06:08:20.914Z,0,29,3,0,0,0
00045-mth-252-module-item-review-optional-3-5-derivatives-of-trigonometric-functions,2080857,MTH-252,module_item,module_item,https://canvas.oregonstate.edu/courses/2080857/modules/items/26982541,https://canvas.oregonstate.edu/courses/2080857/modules/items/26982541,Review (Optional) - 3.5 Derivatives of Trigonometric Functions,module_item,26982541,1,,yes,raw_html/00045-mth-252-module-item-review-optional-3-5-derivatives-of-trigonometric-functions.html,text/00045-mth-252-module-item-review-optional-3-5-derivatives-of-trigonometric-functions.txt,text/00045-mth-252-module-item-review-optional-3-5-derivatives-of-trigonometric-functions.fulltext.txt,markdown/00045-mth-252-module-item-review-optional-3-5-derivatives-of-trigonometric-functions.md,,metadata/00045-mth-252-module-item-review-optional-3-5-derivatives-of-trigonometric-functions.json,8152394f5437fdae87720e87586faa1e8a00918a92961b7b97b0829a26b85518,77d6818832b2362553df1380a260febbca0247c1271a3aead692daf6c18f8084,2026-07-18T06:08:23.472Z,0,27,3,0,0,0
00046-mth-252-module-item-review-optional-3-6-the-chain-rule,2080857,MTH-252,module_item,module_item,https://canvas.oregonstate.edu/courses/2080857/modules/items/26982542,https://canvas.oregonstate.edu/courses/2080857/modules/items/26982542,Review (Optional) - 3.6 The Chain Rule,module_item,26982542,1,,yes,raw_html/00046-mth-252-module-item-review-optional-3-6-the-chain-rule.html,text/00046-mth-252-module-item-review-optional-3-6-the-chain-rule.txt,text/00046-mth-252-module-item-review-optional-3-6-the-chain-rule.fulltext.txt,markdown/00046-mth-252-module-item-review-optional-3-6-the-chain-rule.md,,metadata/00046-mth-252-module-item-review-optional-3-6-the-chain-rule.json,487c1cab8ae0d56a718955812100cd9b4abca1f53d762d408e5d0225a52175fc,bbaf302aca99c92f4af9bcc760b63f952788313f5bc8b0886200f01fac3320b1,2026-07-18T06:08:26.306Z,0,27,3,0,0,0
00047-mth-252-module-item-review-optional-3-9-derivatives-of-exponential-and-logarithmic-functions,2080857,MTH-252,module_item,module_item,https://canvas.oregonstate.edu/courses/2080857/modules/items/26982543,https://canvas.oregonstate.edu/courses/2080857/modules/items/26982543,Review (Optional) - 3.9 Derivatives of Exponential and Logarithmic Functions,module_item,26982543,1,,yes,raw_html/00047-mth-252-module-item-review-optional-3-9-derivatives-of-exponential-and-logarithmic-functions.html,text/00047-mth-252-module-item-review-optional-3-9-derivatives-of-exponential-and-logarithmic-functions.txt,text/00047-mth-252-module-item-review-optional-3-9-derivatives-of-exponential-and-logarithmic-functions.fulltext.txt,markdown/00047-mth-252-module-item-review-optional-3-9-derivatives-of-exponential-and-logarithmic-functions.md,,metadata/00047-mth-252-module-item-review-optional-3-9-derivatives-of-exponential-and-logarithmic-functions.json,5b3f37defd6a398db3e91f5fd06a249e5c4754fab09993d61862e78bd4a57b7d,55b98c91038e9ca9f6e96bd306f8080f1d63e6634e576c9320cbc47fe0b3d564,2026-07-18T06:08:28.956Z,0,29,3,0,0,0
00048-mth-252-module-item-module-1-overview-integral-calculus-mth-252z-400-u2026,2080857,MTH-252,module_item,module_item,https://canvas.oregonstate.edu/courses/2080857/modules/items/26982544,https://canvas.oregonstate.edu/courses/2080857/pages/module-1-overview?module_item_id=26982544,Module 1 — Overview: INTEGRAL CALCULUS (MTH_252Z_400_U2026),page,module-1-overview,1,yes,,raw_html/00048-mth-252-module-item-module-1-overview-integral-calculus-mth-252z-400-u2026.html,text/00048-mth-252-module-item-module-1-overview-integral-calculus-mth-252z-400-u2026.txt,text/00048-mth-252-module-item-module-1-overview-integral-calculus-mth-252z-400-u2026.fulltext.txt,markdown/00048-mth-252-module-item-module-1-overview-integral-calculus-mth-252z-400-u2026.md,,metadata/00048-mth-252-module-item-module-1-overview-integral-calculus-mth-252z-400-u2026.json,fcfe625a63e6cfe209fdfc91cc1410a1bfc0184ba2da8400bee51be5ad6e472a,778cdde2aa3a6675e7a7f4baf1a5db23a2032f6e249ce374d422f6f757d992e3,2026-07-18T06:08:31.705Z,4,30,2,0,0,0
00049-mth-252-module-item-module-1-learning-materials-and-practice-activities-3-5-hours-integral-calculus-mth-252z-400-u20,2080857,MTH-252,module_item,module_item,https://canvas.oregonstate.edu/courses/2080857/modules/items/26982545,https://canvas.oregonstate.edu/courses/2080857/pages/module-1-learning-materials-and-practice-activities-3-5-hours-2?module_item_id=26982545,Module 1 — Learning Materials and Practice Activities 🕓 3 - 5 hours: INTEGRAL CALCULUS (MTH_252Z_400_U2026),page,module-1-learning-materials-and-practice-activities-3-5-hours-2,1,yes,,raw_html/00049-mth-252-module-item-module-1-learning-materials-and-practice-activities-3-5-hours-integral-calculus-mth-252z-400-u20.html,text/00049-mth-252-module-item-module-1-learning-materials-and-practice-activities-3-5-hours-integral-calculus-mth-252z-400-u20.txt,text/00049-mth-252-module-item-module-1-learning-materials-and-practice-activities-3-5-hours-integral-calculus-mth-252z-400-u20.fulltext.txt,markdown/00049-mth-252-module-item-module-1-learning-materials-and-practice-activities-3-5-hours-integral-calculus-mth-252z-400-u20.md,,metadata/00049-mth-252-module-item-module-1-learning-materials-and-practice-activities-3-5-hours-integral-calculus-mth-252z-400-u20.json,e86096bd86ed9beea19b328a5ee85a975b22eeddbdfccaf352ab43d432907d62,ad009c700a564b39e4d15f42ef5490233ca43273146cb301df11c69e76d51b15,2026-07-18T06:08:34.569Z,7,41,3,0,0,0
00050-mth-252-module-item-252-lecture-1-1-to-me1-pdf-integral-calculus-mth-252z-400-u2026,2080857,MTH-252,module_item,module_item,https://canvas.oregonstate.edu/courses/2080857/modules/items/26982546,https://canvas.oregonstate.edu/courses/2080857/files/119223553?module_item_id=26982546,252-Lecture-1.1-to-ME1.pdf: INTEGRAL CALCULUS (MTH_252Z_400_U2026),file,119223553,1,yes,,raw_html/00050-mth-252-module-item-252-lecture-1-1-to-me1-pdf-integral-calculus-mth-252z-400-u2026.html,text/00050-mth-252-module-item-252-lecture-1-1-to-me1-pdf-integral-calculus-mth-252z-400-u2026.txt,text/00050-mth-252-module-item-252-lecture-1-1-to-me1-pdf-integral-calculus-mth-252z-400-u2026.fulltext.txt,markdown/00050-mth-252-module-item-252-lecture-1-1-to-me1-pdf-integral-calculus-mth-252z-400-u2026.md,,metadata/00050-mth-252-module-item-252-lecture-1-1-to-me1-pdf-integral-calculus-mth-252z-400-u2026.json,95e6c5b6b99b61bf3a0d41bf2cb94cd58b75804bb155b4cccc9d463633dbd24a,4488cc49b08cec78f218fdd6fb39f2f6f6a6ddb096dde1704c61ec22488c6594,2026-07-18T06:08:37.663Z,1,31,4,0,0,0
00051-mth-252-module-item-dr-g-s-videos-1-1-integral-calculus-mth-252z-400-u2026,2080857,MTH-252,module_item,module_item,https://canvas.oregonstate.edu/courses/2080857/modules/items/26982547,https://canvas.oregonstate.edu/courses/2080857/pages/dr-gs-videos-%3E-1-dot-1?module_item_id=26982547,Dr. G's Videos --> 1.1: INTEGRAL CALCULUS (MTH_252Z_400_U2026),page,dr-gs-videos-%3E-1-dot-1,1,yes,,raw_html/00051-mth-252-module-item-dr-g-s-videos-1-1-integral-calculus-mth-252z-400-u2026.html,text/00051-mth-252-module-item-dr-g-s-videos-1-1-integral-calculus-mth-252z-400-u2026.txt,text/00051-mth-252-module-item-dr-g-s-videos-1-1-integral-calculus-mth-252z-400-u2026.fulltext.txt,markdown/00051-mth-252-module-item-dr-g-s-videos-1-1-integral-calculus-mth-252z-400-u2026.md,,metadata/00051-mth-252-module-item-dr-g-s-videos-1-1-integral-calculus-mth-252z-400-u2026.json,429e5754eb4f0d77098e4204aa6737b33fd6c3b33252ae96e0fef3fd5b28971e,b519f26f9cca18c1712bcdda46fab541c685c26de56f396ed312851f1324d8bc,2026-07-18T06:08:41.156Z,1,28,6,0,0,0
00052-mth-252-module-item-pre-class-reading-quiz-1-1-rq-1-1-integral-calculus-mth-252z-400-u2026,2080857,MTH-252,module_item,module_item,https://canvas.oregonstate.edu/courses/2080857/modules/items/26982548,https://canvas.oregonstate.edu/courses/2080857/quizzes/3167659?module_item_id=26982548,Pre-Class Reading Quiz - 1.1 (RQ-1.1): INTEGRAL CALCULUS (MTH_252Z_400_U2026),quiz,3167659,1,yes,,raw_html/00052-mth-252-module-item-pre-class-reading-quiz-1-1-rq-1-1-integral-calculus-mth-252z-400-u2026.html,text/00052-mth-252-module-item-pre-class-reading-quiz-1-1-rq-1-1-integral-calculus-mth-252z-400-u2026.txt,text/00052-mth-252-module-item-pre-class-reading-quiz-1-1-rq-1-1-integral-calculus-mth-252z-400-u2026.fulltext.txt,markdown/00052-mth-252-module-item-pre-class-reading-quiz-1-1-rq-1-1-integral-calculus-mth-252z-400-u2026.md,,metadata/00052-mth-252-module-item-pre-class-reading-quiz-1-1-rq-1-1-integral-calculus-mth-252z-400-u2026.json,b32fc6d53156a5d9d2563d9b94e5820130abe5f2c97ec34d5608884ff80e4af5,21920595ab1f0813f3d5209865e0bfec3a7a2be5dcbe02bac61f893e52d5be9d,2026-07-18T06:08:44.905Z,4,29,3,0,0,0
00053-mth-252-module-item-module-1-written-homework-whw-1-2-hours,2080857,MTH-252,module_item,module_item,https://canvas.oregonstate.edu/courses/2080857/modules/items/26982549,https://canvas.oregonstate.edu/courses/2080857/assignments/10586053?module_item_id=26982549,Module 1 — Written Homework (WHW 1) 🕓 2 hours,assignment,10586053,1,yes,yes,raw_html/00053-mth-252-module-item-module-1-written-homework-whw-1-2-hours.html,text/00053-mth-252-module-item-module-1-written-homework-whw-1-2-hours.txt,text/00053-mth-252-module-item-module-1-written-homework-whw-1-2-hours.fulltext.txt,markdown/00053-mth-252-module-item-module-1-written-homework-whw-1-2-hours.md,,metadata/00053-mth-252-module-item-module-1-written-homework-whw-1-2-hours.json,dc7bb4adfad281c591e3f5f00ab90e53305f6e9758054586436bc163395e577a,0076e6d0bc0f3c780c0a611d38e531dda56f252c84d202620816a919af6087f5,2026-07-18T06:08:48.456Z,7,59,3,0,0,0
00054-mth-252-module-item-intro-reflect-1,2080857,MTH-252,module_item,module_item,https://canvas.oregonstate.edu/courses/2080857/modules/items/26982550,https://canvas.oregonstate.edu/courses/2080857/assignments/10586044?module_item_id=26982550,Intro Reflect 1,assignment,10586044,1,yes,yes,raw_html/00054-mth-252-module-item-intro-reflect-1.html,text/00054-mth-252-module-item-intro-reflect-1.txt,text/00054-mth-252-module-item-intro-reflect-1.fulltext.txt,markdown/00054-mth-252-module-item-intro-reflect-1.md,,metadata/00054-mth-252-module-item-intro-reflect-1.json,1c0fdf10bedc5561c617e1903c7a26fd41f89b4503d80d5423d1c9cef186f443,728f2968ffc671eb79441c8dc5466174cb9f1ffc01b1df7b76933ed0000c982a,2026-07-18T06:08:52.212Z,2,55,3,0,0,0
00055-mth-252-module-item-achieve-1-1-approximating-areas,2080857,MTH-252,module_item,module_item,https://canvas.oregonstate.edu/courses/2080857/modules/items/26982551,https://canvas.oregonstate.edu/courses/2080857/assignments/10586025?module_item_id=26982551,Achieve - 1.1 Approximating Areas,assignment,10586025,1,yes,yes,raw_html/00055-mth-252-module-item-achieve-1-1-approximating-areas.html,text/00055-mth-252-module-item-achieve-1-1-approximating-areas.txt,text/00055-mth-252-module-item-achieve-1-1-approximating-areas.fulltext.txt,markdown/00055-mth-252-module-item-achieve-1-1-approximating-areas.md,,metadata/00055-mth-252-module-item-achieve-1-1-approximating-areas.json,e7083bf0c089421cec5ebdd28afeacdd4f02bd72fe11c5dbdc3c2e8f70fb05ff,81256857b05547450a3d13b4ada0c448f699d7539a52d3e2b642af2a80592f7e,2026-07-18T06:08:55.315Z,2,55,3,0,0,0
00056-mth-252-module-item-topic-module-1-discussion-reflection-whw-1-0-25-hour,2080857,MTH-252,module_item,module_item,https://canvas.oregonstate.edu/courses/2080857/modules/items/26982552,https://canvas.oregonstate.edu/courses/2080857/discussion_topics/11593475?module_item_id=26982552,Topic: Module 1 — Discussion Reflection: WHW 1 🕓 0.25 hour,discussion,11593475,1,yes,,raw_html/00056-mth-252-module-item-topic-module-1-discussion-reflection-whw-1-0-25-hour.html,text/00056-mth-252-module-item-topic-module-1-discussion-reflection-whw-1-0-25-hour.txt,text/00056-mth-252-module-item-topic-module-1-discussion-reflection-whw-1-0-25-hour.fulltext.txt,markdown/00056-mth-252-module-item-topic-module-1-discussion-reflection-whw-1-0-25-hour.md,,metadata/00056-mth-252-module-item-topic-module-1-discussion-reflection-whw-1-0-25-hour.json,5cd6d9166ae3893ab795b8f6d28ca9f98b3175c1fc28ce0276f4b967e2d10539,e3b0c44298fc1c149afbf4c8996fb92427ae41e4649b934ca495991b7852b855,2026-07-18T06:08:58.407Z,0,27,3,0,0,0
00057-mth-252-module-item-module-2-overview-integral-calculus-mth-252z-400-u2026,2080857,MTH-252,module_item,module_item,https://canvas.oregonstate.edu/courses/2080857/modules/items/26982553,https://canvas.oregonstate.edu/courses/2080857/pages/module-2-overview?module_item_id=26982553,Module 2 — Overview: INTEGRAL CALCULUS (MTH_252Z_400_U2026),page,module-2-overview,1,yes,,raw_html/00057-mth-252-module-item-module-2-overview-integral-calculus-mth-252z-400-u2026.html,text/00057-mth-252-module-item-module-2-overview-integral-calculus-mth-252z-400-u2026.txt,text/00057-mth-252-module-item-module-2-overview-integral-calculus-mth-252z-400-u2026.fulltext.txt,markdown/00057-mth-252-module-item-module-2-overview-integral-calculus-mth-252z-400-u2026.md,,metadata/00057-mth-252-module-item-module-2-overview-integral-calculus-mth-252z-400-u2026.json,f76df093b9b69b1259b3f90bd793a3fcb1b5369f6c611a947f6fa7b8edfcab8e,507d6cadd7d216b03535985720c7f2376eb55f32c91eb7eb9ee0b96e08b884ed,2026-07-18T06:09:04.312Z,4,28,2,0,0,0
00058-mth-252-module-item-module-2-learning-materials-and-practice-activities-3-5-hours-integral-calculus-mth-252z-400-u20,2080857,MTH-252,module_item,module_item,https://canvas.oregonstate.edu/courses/2080857/modules/items/26982554,https://canvas.oregonstate.edu/courses/2080857/pages/module-2-learning-materials-and-practice-activities-3-5-hours-2?module_item_id=26982554,Module 2 — Learning Materials and Practice Activities 🕓 3 - 5 hours: INTEGRAL CALCULUS (MTH_252Z_400_U2026),page,module-2-learning-materials-and-practice-activities-3-5-hours-2,1,yes,,raw_html/00058-mth-252-module-item-module-2-learning-materials-and-practice-activities-3-5-hours-integral-calculus-mth-252z-400-u20.html,text/00058-mth-252-module-item-module-2-learning-materials-and-practice-activities-3-5-hours-integral-calculus-mth-252z-400-u20.txt,text/00058-mth-252-module-item-module-2-learning-materials-and-practice-activities-3-5-hours-integral-calculus-mth-252z-400-u20.fulltext.txt,markdown/00058-mth-252-module-item-module-2-learning-materials-and-practice-activities-3-5-hours-integral-calculus-mth-252z-400-u20.md,,metadata/00058-mth-252-module-item-module-2-learning-materials-and-practice-activities-3-5-hours-integral-calculus-mth-252z-400-u20.json,588d72d0602375528756d69d421d7483e67e704c8cb98ad34697a2f3600f422e,7eef3460863e2c4fc7a549d7ed9517d03fae9499f54b8e86bc29b75f89907e75,2026-07-18T06:09:07.406Z,7,41,3,0,0,0
00059-mth-252-module-item-252-lecture-1-1-to-me1-pdf-integral-calculus-mth-252z-400-u2026,2080857,MTH-252,module_item,module_item,https://canvas.oregonstate.edu/courses/2080857/modules/items/26982555,https://canvas.oregonstate.edu/courses/2080857/files/119223553?module_item_id=26982555,252-Lecture-1.1-to-ME1.pdf: INTEGRAL CALCULUS (MTH_252Z_400_U2026),file,119223553,1,yes,,raw_html/00059-mth-252-module-item-252-lecture-1-1-to-me1-pdf-integral-calculus-mth-252z-400-u2026.html,text/00059-mth-252-module-item-252-lecture-1-1-to-me1-pdf-integral-calculus-mth-252z-400-u2026.txt,text/00059-mth-252-module-item-252-lecture-1-1-to-me1-pdf-integral-calculus-mth-252z-400-u2026.fulltext.txt,markdown/00059-mth-252-module-item-252-lecture-1-1-to-me1-pdf-integral-calculus-mth-252z-400-u2026.md,,metadata/00059-mth-252-module-item-252-lecture-1-1-to-me1-pdf-integral-calculus-mth-252z-400-u2026.json,8f9ebbcc55eba65169546cef3301f97da0b14c2922d76000ace8cf09698086a8,801c30cc99c010b1157c08698eacec45d0f4936c1acf7bd240b653c89fd51cca,2026-07-18T06:09:10.389Z,1,28,4,0,0,0
00060-mth-252-module-item-dr-g-s-videos-1-2-integral-calculus-mth-252z-400-u2026,2080857,MTH-252,module_item,module_item,https://canvas.oregonstate.edu/courses/2080857/modules/items/26982556,https://canvas.oregonstate.edu/courses/2080857/pages/dr-gs-videos-%3E-1-dot-2?module_item_id=26982556,Dr. G's Videos --> 1.2: INTEGRAL CALCULUS (MTH_252Z_400_U2026),page,dr-gs-videos-%3E-1-dot-2,1,yes,,raw_html/00060-mth-252-module-item-dr-g-s-videos-1-2-integral-calculus-mth-252z-400-u2026.html,text/00060-mth-252-module-item-dr-g-s-videos-1-2-integral-calculus-mth-252z-400-u2026.txt,text/00060-mth-252-module-item-dr-g-s-videos-1-2-integral-calculus-mth-252z-400-u2026.fulltext.txt,markdown/00060-mth-252-module-item-dr-g-s-videos-1-2-integral-calculus-mth-252z-400-u2026.md,,metadata/00060-mth-252-module-item-dr-g-s-videos-1-2-integral-calculus-mth-252z-400-u2026.json,bd518a5ffc2f4ce26db79c46e93eb66f1f098c25a2c91129f79c8f1a86fe17bc,2b007ce669b465c71e5001bc62797d2377c21db13c056e24be56b26ce4ae3448,2026-07-18T06:09:14.615Z,1,26,7,0,0,0
00061-mth-252-module-item-pre-class-reading-quiz-1-2-rq-1-2-integral-calculus-mth-252z-400-u2026,2080857,MTH-252,module_item,module_item,https://canvas.oregonstate.edu/courses/2080857/modules/items/26982557,https://canvas.oregonstate.edu/courses/2080857/quizzes/3167658?module_item_id=26982557,Pre-Class Reading Quiz - 1.2 (RQ-1.2): INTEGRAL CALCULUS (MTH_252Z_400_U2026),quiz,3167658,1,yes,,raw_html/00061-mth-252-module-item-pre-class-reading-quiz-1-2-rq-1-2-integral-calculus-mth-252z-400-u2026.html,text/00061-mth-252-module-item-pre-class-reading-quiz-1-2-rq-1-2-integral-calculus-mth-252z-400-u2026.txt,text/00061-mth-252-module-item-pre-class-reading-quiz-1-2-rq-1-2-integral-calculus-mth-252z-400-u2026.fulltext.txt,markdown/00061-mth-252-module-item-pre-class-reading-quiz-1-2-rq-1-2-integral-calculus-mth-252z-400-u2026.md,,metadata/00061-mth-252-module-item-pre-class-reading-quiz-1-2-rq-1-2-integral-calculus-mth-252z-400-u2026.json,2c45292616e884722de20bea41416d46985e12f85773a3037093cbb88745d47b,44f80668ac3e0a09e1279051e9c07b974cf0697c249b05c953993a38aa9a085d,2026-07-18T06:09:20.659Z,4,30,3,0,0,0
00062-mth-252-module-item-module-2-written-homework-whw-2-3-hours,2080857,MTH-252,module_item,module_item,https://canvas.oregonstate.edu/courses/2080857/modules/items/26982558,https://canvas.oregonstate.edu/courses/2080857/assignments/10586055?module_item_id=26982558,Module 2 — Written Homework (WHW 2) 🕓 3 hours,assignment,10586055,1,yes,,raw_html/00062-mth-252-module-item-module-2-written-homework-whw-2-3-hours.html,text/00062-mth-252-module-item-module-2-written-homework-whw-2-3-hours.txt,text/00062-mth-252-module-item-module-2-written-homework-whw-2-3-hours.fulltext.txt,markdown/00062-mth-252-module-item-module-2-written-homework-whw-2-3-hours.md,,metadata/00062-mth-252-module-item-module-2-written-homework-whw-2-3-hours.json,0d054718f63d2b5374562aa342d09c87158ecfd0275a29ea452231194b76e153,76d7c7a52c68a3660e8d8e9875242e67607099f2480e31f7d6ebf8642a2ab7bb,2026-07-18T06:09:24.713Z,7,58,3,0,0,0
00063-mth-252-module-item-reflection-2,2080857,MTH-252,module_item,module_item,https://canvas.oregonstate.edu/courses/2080857/modules/items/26982559,https://canvas.oregonstate.edu/courses/2080857/assignments/10586063?module_item_id=26982559,Reflection 2,assignment,10586063,1,yes,yes,raw_html/00063-mth-252-module-item-reflection-2.html,text/00063-mth-252-module-item-reflection-2.txt,text/00063-mth-252-module-item-reflection-2.fulltext.txt,markdown/00063-mth-252-module-item-reflection-2.md,,metadata/00063-mth-252-module-item-reflection-2.json,e8fe7bc44316fadb74c454c0bc17f08654ae21b3ff56f44f68dff7ffb84ee41f,05ea482554f10d51e09c310a8febb790b13a2001cc17ebb52608dc0e805f2a27,2026-07-18T06:09:31.518Z,2,55,3,0,0,0
00064-mth-252-module-item-achieve-1-2-the-definite-integral,2080857,MTH-252,module_item,module_item,https://canvas.oregonstate.edu/courses/2080857/modules/items/26982560,https://canvas.oregonstate.edu/courses/2080857/assignments/10586026?module_item_id=26982560,Achieve - 1.2 The Definite Integral,assignment,10586026,1,yes,yes,raw_html/00064-mth-252-module-item-achieve-1-2-the-definite-integral.html,text/00064-mth-252-module-item-achieve-1-2-the-definite-integral.txt,text/00064-mth-252-module-item-achieve-1-2-the-definite-integral.fulltext.txt,markdown/00064-mth-252-module-item-achieve-1-2-the-definite-integral.md,,metadata/00064-mth-252-module-item-achieve-1-2-the-definite-integral.json,0deb013a753455c701982d1f987ce92e1ac89273292463fb8bb352fe2d29e463,16e7b425b3e526eca5b2cf4a06a97ebc025eea18594c7e66fee6dbaf7a419b7b,2026-07-18T06:09:35.160Z,2,55,3,0,0,0
00065-mth-252-module-item-topic-module-2-discussion-reflection-0-5-hour,2080857,MTH-252,module_item,module_item,https://canvas.oregonstate.edu/courses/2080857/modules/items/26982561,https://canvas.oregonstate.edu/courses/2080857/discussion_topics/11593474?module_item_id=26982561,Topic: Module 2 — Discussion Reflection 🕓 0.5 hour,discussion,11593474,1,yes,,raw_html/00065-mth-252-module-item-topic-module-2-discussion-reflection-0-5-hour.html,text/00065-mth-252-module-item-topic-module-2-discussion-reflection-0-5-hour.txt,text/00065-mth-252-module-item-topic-module-2-discussion-reflection-0-5-hour.fulltext.txt,markdown/00065-mth-252-module-item-topic-module-2-discussion-reflection-0-5-hour.md,,metadata/00065-mth-252-module-item-topic-module-2-discussion-reflection-0-5-hour.json,0c2c8f9aabca631469e53cb692b733c43936f80a2460303b402b63d87fe3d698,e3b0c44298fc1c149afbf4c8996fb92427ae41e4649b934ca495991b7852b855,2026-07-18T06:09:38.607Z,0,27,3,0,0,0
00066-mth-252-module-item-mini-exam-1-tues-thur-no-late-submissions,2080857,MTH-252,module_item,module_item,https://canvas.oregonstate.edu/courses/2080857/modules/items/26982562,https://canvas.oregonstate.edu/courses/2080857/assignments/10586045?module_item_id=26982562,Mini-Exam 1 - Tues - Thur (No late submissions),assignment,10586045,1,yes,yes,raw_html/00066-mth-252-module-item-mini-exam-1-tues-thur-no-late-submissions.html,text/00066-mth-252-module-item-mini-exam-1-tues-thur-no-late-submissions.txt,text/00066-mth-252-module-item-mini-exam-1-tues-thur-no-late-submissions.fulltext.txt,markdown/00066-mth-252-module-item-mini-exam-1-tues-thur-no-late-submissions.md,,metadata/00066-mth-252-module-item-mini-exam-1-tues-thur-no-late-submissions.json,6eb2206f873243a6d1f0bdf4cec4741caccb9a5d4c10d6015ae61754077fb676,6a8caac1446cc2ff631ec73a85633e0e8fc41d89ac35c5bde85196afca5ece61,2026-07-18T06:09:44.112Z,8,64,3,0,0,0
00067-mth-252-module-item-module-3-overview-integral-calculus-mth-252z-400-u2026,2080857,MTH-252,module_item,module_item,https://canvas.oregonstate.edu/courses/2080857/modules/items/26982563,https://canvas.oregonstate.edu/courses/2080857/pages/module-3-overview?module_item_id=26982563,Module 3 — Overview: INTEGRAL CALCULUS (MTH_252Z_400_U2026),page,module-3-overview,1,yes,,raw_html/00067-mth-252-module-item-module-3-overview-integral-calculus-mth-252z-400-u2026.html,text/00067-mth-252-module-item-module-3-overview-integral-calculus-mth-252z-400-u2026.txt,text/00067-mth-252-module-item-module-3-overview-integral-calculus-mth-252z-400-u2026.fulltext.txt,markdown/00067-mth-252-module-item-module-3-overview-integral-calculus-mth-252z-400-u2026.md,,metadata/00067-mth-252-module-item-module-3-overview-integral-calculus-mth-252z-400-u2026.json,54aea4716fcd9f3a2bd1e1124a506b1535d8d50f9a2921424595e5b7d05e856f,77191e1266438ef0852140a10733fa938dbe057290545b0f2f7b815f5721afce,2026-07-18T06:09:47.411Z,4,30,3,0,0,0
00068-mth-252-module-item-module-3-learning-materials-and-practice-activities-3-5-hours-integral-calculus-mth-252z-400-u20,2080857,MTH-252,module_item,module_item,https://canvas.oregonstate.edu/courses/2080857/modules/items/26982564,https://canvas.oregonstate.edu/courses/2080857/pages/module-3-learning-materials-and-practice-activities-3-5-hours-2?module_item_id=26982564,Module 3 — Learning Materials and Practice Activities 🕓 3 - 5 hours: INTEGRAL CALCULUS (MTH_252Z_400_U2026),page,module-3-learning-materials-and-practice-activities-3-5-hours-2,1,yes,,raw_html/00068-mth-252-module-item-module-3-learning-materials-and-practice-activities-3-5-hours-integral-calculus-mth-252z-400-u20.html,text/00068-mth-252-module-item-module-3-learning-materials-and-practice-activities-3-5-hours-integral-calculus-mth-252z-400-u20.txt,text/00068-mth-252-module-item-module-3-learning-materials-and-practice-activities-3-5-hours-integral-calculus-mth-252z-400-u20.fulltext.txt,markdown/00068-mth-252-module-item-module-3-learning-materials-and-practice-activities-3-5-hours-integral-calculus-mth-252z-400-u20.md,,metadata/00068-mth-252-module-item-module-3-learning-materials-and-practice-activities-3-5-hours-integral-calculus-mth-252z-400-u20.json,d471779b873f39a4ff034b66a1e2db404c2a4a45412093a10f5b50724c873dcd,7eb9f20fc089503255fcc292071922cb88a272d14375e1e5962c528a7101c1ff,2026-07-18T06:09:50.659Z,7,53,3,0,0,0
00069-mth-252-module-item-252-lecture-1-3-to-me2-pdf-integral-calculus-mth-252z-400-u2026,2080857,MTH-252,module_item,module_item,https://canvas.oregonstate.edu/courses/2080857/modules/items/26982565,https://canvas.oregonstate.edu/courses/2080857/files/119223594?module_item_id=26982565,252-Lecture-1.3-to-ME2.pdf: INTEGRAL CALCULUS (MTH_252Z_400_U2026),file,119223594,1,yes,,raw_html/00069-mth-252-module-item-252-lecture-1-3-to-me2-pdf-integral-calculus-mth-252z-400-u2026.html,text/00069-mth-252-module-item-252-lecture-1-3-to-me2-pdf-integral-calculus-mth-252z-400-u2026.txt,text/00069-mth-252-module-item-252-lecture-1-3-to-me2-pdf-integral-calculus-mth-252z-400-u2026.fulltext.txt,markdown/00069-mth-252-module-item-252-lecture-1-3-to-me2-pdf-integral-calculus-mth-252z-400-u2026.md,,metadata/00069-mth-252-module-item-252-lecture-1-3-to-me2-pdf-integral-calculus-mth-252z-400-u2026.json,dcde0246f068789a864d24d98585ac4ba36ea0321dd671c563d479b577fdeaf7,f12caf324dcf2101fceca7917452ef796e29799e4eeea1ca1a9b1bc4bad645ab,2026-07-18T06:09:54.024Z,1,31,4,0,0,0
00070-mth-252-module-item-dr-g-s-videos-1-3-4-10-integral-calculus-mth-252z-400-u2026,2080857,MTH-252,module_item,module_item,https://canvas.oregonstate.edu/courses/2080857/modules/items/26982566,https://canvas.oregonstate.edu/courses/2080857/pages/dr-gs-videos-%3E-1-dot-3-4-dot-10?module_item_id=26982566,"Dr G's Videos --> 1.3, 4.10: INTEGRAL CALCULUS (MTH_252Z_400_U2026)",page,dr-gs-videos-%3E-1-dot-3-4-dot-10,1,yes,,raw_html/00070-mth-252-module-item-dr-g-s-videos-1-3-4-10-integral-calculus-mth-252z-400-u2026.html,text/00070-mth-252-module-item-dr-g-s-videos-1-3-4-10-integral-calculus-mth-252z-400-u2026.txt,text/00070-mth-252-module-item-dr-g-s-videos-1-3-4-10-integral-calculus-mth-252z-400-u2026.fulltext.txt,markdown/00070-mth-252-module-item-dr-g-s-videos-1-3-4-10-integral-calculus-mth-252z-400-u2026.md,,metadata/00070-mth-252-module-item-dr-g-s-videos-1-3-4-10-integral-calculus-mth-252z-400-u2026.json,bf27cdb1d550ca956630567d5254d2ed2090e17efbd7c4f388d9db05179c5e94,42d642859322935f9efa487f9aeb7278a613289b640f69d9487b936283e152bb,2026-07-18T06:09:58.214Z,1,26,7,0,0,0
00071-mth-252-module-item-pre-class-reading-quiz-1-3-rq-1-3-integral-calculus-mth-252z-400-u2026,2080857,MTH-252,module_item,module_item,https://canvas.oregonstate.edu/courses/2080857/modules/items/26982567,https://canvas.oregonstate.edu/courses/2080857/quizzes/3167655?module_item_id=26982567,Pre-Class Reading Quiz - 1.3 (RQ-1.3) : INTEGRAL CALCULUS (MTH_252Z_400_U2026),quiz,3167655,1,yes,,raw_html/00071-mth-252-module-item-pre-class-reading-quiz-1-3-rq-1-3-integral-calculus-mth-252z-400-u2026.html,text/00071-mth-252-module-item-pre-class-reading-quiz-1-3-rq-1-3-integral-calculus-mth-252z-400-u2026.txt,text/00071-mth-252-module-item-pre-class-reading-quiz-1-3-rq-1-3-integral-calculus-mth-252z-400-u2026.fulltext.txt,markdown/00071-mth-252-module-item-pre-class-reading-quiz-1-3-rq-1-3-integral-calculus-mth-252z-400-u2026.md,,metadata/00071-mth-252-module-item-pre-class-reading-quiz-1-3-rq-1-3-integral-calculus-mth-252z-400-u2026.json,270d0515353847e029fc50a7304b616ec5190f6d7982bfe1b28d0b34598d0824,51a18a98ab1642aeb3946436e9a0bd273ab522037935a60ed7b3de861b44d606,2026-07-18T06:10:04.197Z,4,31,3,0,0,0
00072-mth-252-module-item-module-3-written-homework-whw-3-3-hours,2080857,MTH-252,module_item,module_item,https://canvas.oregonstate.edu/courses/2080857/modules/items/26982568,https://canvas.oregonstate.edu/courses/2080857/assignments/10586056?module_item_id=26982568,Module 3 — Written Homework (WHW 3) 🕓 3 hours,assignment,10586056,1,yes,yes,raw_html/00072-mth-252-module-item-module-3-written-homework-whw-3-3-hours.html,text/00072-mth-252-module-item-module-3-written-homework-whw-3-3-hours.txt,text/00072-mth-252-module-item-module-3-written-homework-whw-3-3-hours.fulltext.txt,markdown/00072-mth-252-module-item-module-3-written-homework-whw-3-3-hours.md,,metadata/00072-mth-252-module-item-module-3-written-homework-whw-3-3-hours.json,5e3d132b29dec706cba3934ec3c0a724713488cfdcf0ffe6eb16a46dc01dcb62,cb3c7de08c83b6806888188a18a427a4558da9200aa1dfecb59e62461dc349db,2026-07-18T06:10:09.464Z,7,62,3,0,0,0
00073-mth-252-module-item-achieve-1-3-the-fundamental-theorem-of-calculus,2080857,MTH-252,module_item,module_item,https://canvas.oregonstate.edu/courses/2080857/modules/items/26982569,https://canvas.oregonstate.edu/courses/2080857/assignments/10586027?module_item_id=26982569,Achieve - 1.3 The Fundamental Theorem of Calculus,assignment,10586027,1,yes,yes,raw_html/00073-mth-252-module-item-achieve-1-3-the-fundamental-theorem-of-calculus.html,text/00073-mth-252-module-item-achieve-1-3-the-fundamental-theorem-of-calculus.txt,text/00073-mth-252-module-item-achieve-1-3-the-fundamental-theorem-of-calculus.fulltext.txt,markdown/00073-mth-252-module-item-achieve-1-3-the-fundamental-theorem-of-calculus.md,,metadata/00073-mth-252-module-item-achieve-1-3-the-fundamental-theorem-of-calculus.json,ac1ed2c2464deeba3e5ba33f086f085c5c23265ad40ba78588426a0bac25145e,129f00c7acbc6b42705a135c3f851caf141277254e44867be406c950d7ef756a,2026-07-18T06:10:17.204Z,2,55,3,0,0,0
00074-mth-252-module-item-achieve-4-10-antiderivatives,2080857,MTH-252,module_item,module_item,https://canvas.oregonstate.edu/courses/2080857/modules/items/26982570,https://canvas.oregonstate.edu/courses/2080857/assignments/10586042?module_item_id=26982570,Achieve - 4.10 Antiderivatives,assignment,10586042,1,yes,yes,raw_html/00074-mth-252-module-item-achieve-4-10-antiderivatives.html,text/00074-mth-252-module-item-achieve-4-10-antiderivatives.txt,text/00074-mth-252-module-item-achieve-4-10-antiderivatives.fulltext.txt,markdown/00074-mth-252-module-item-achieve-4-10-antiderivatives.md,,metadata/00074-mth-252-module-item-achieve-4-10-antiderivatives.json,1c8817537e1492140fed8e3fd7b78f1461c3686a9dcd649d8e0b523bccb1b28e,39ef4bdbbcb0912ce0445bc5734fbf58ce091bd7d206ff3276fabbafb49a0ec3,2026-07-18T06:10:20.460Z,2,55,3,0,0,0
00075-mth-252-module-item-topic-module-3-discussion-reflection-mini-exam-1-0-5-hour,2080857,MTH-252,module_item,module_item,https://canvas.oregonstate.edu/courses/2080857/modules/items/26982571,https://canvas.oregonstate.edu/courses/2080857/discussion_topics/11593473?module_item_id=26982571,Topic: Module 3 — Discussion Reflection: Mini-Exam 1 🕓 0.5 hour,discussion,11593473,1,yes,,raw_html/00075-mth-252-module-item-topic-module-3-discussion-reflection-mini-exam-1-0-5-hour.html,text/00075-mth-252-module-item-topic-module-3-discussion-reflection-mini-exam-1-0-5-hour.txt,text/00075-mth-252-module-item-topic-module-3-discussion-reflection-mini-exam-1-0-5-hour.fulltext.txt,markdown/00075-mth-252-module-item-topic-module-3-discussion-reflection-mini-exam-1-0-5-hour.md,,metadata/00075-mth-252-module-item-topic-module-3-discussion-reflection-mini-exam-1-0-5-hour.json,0f1862effad8e4dd5ce8379f4454653bc919a161e3bc1a96942db62a0442bec2,e3b0c44298fc1c149afbf4c8996fb92427ae41e4649b934ca495991b7852b855,2026-07-18T06:10:25.166Z,0,27,3,0,0,0
00076-mth-252-module-item-module-4-overview-integral-calculus-mth-252z-400-u2026,2080857,MTH-252,module_item,module_item,https://canvas.oregonstate.edu/courses/2080857/modules/items/26982572,https://canvas.oregonstate.edu/courses/2080857/pages/module-4-overview?module_item_id=26982572,Module 4 — Overview: INTEGRAL CALCULUS (MTH_252Z_400_U2026),page,module-4-overview,1,yes,,raw_html/00076-mth-252-module-item-module-4-overview-integral-calculus-mth-252z-400-u2026.html,text/00076-mth-252-module-item-module-4-overview-integral-calculus-mth-252z-400-u2026.txt,text/00076-mth-252-module-item-module-4-overview-integral-calculus-mth-252z-400-u2026.fulltext.txt,markdown/00076-mth-252-module-item-module-4-overview-integral-calculus-mth-252z-400-u2026.md,,metadata/00076-mth-252-module-item-module-4-overview-integral-calculus-mth-252z-400-u2026.json,1ee6c2a0c5730fe7ff161fbc26d50c25dc98982eb193f34f634182d3878440c2,816fbefffca67450bae5a90b8e41eafef4895c0c0d5027d9c8de7fcd2e4f3ec8,2026-07-18T06:10:34.412Z,4,30,3,0,0,0
00077-mth-252-module-item-module-4-learning-materials-and-practice-activities-3-5-hours-integral-calculus-mth-252z-400-u20,2080857,MTH-252,module_item,module_item,https://canvas.oregonstate.edu/courses/2080857/modules/items/26982573,https://canvas.oregonstate.edu/courses/2080857/pages/module-4-learning-materials-and-practice-activities-3-5-hours-2?module_item_id=26982573,Module 4 — Learning Materials and Practice Activities 🕓 3 - 5 hours: INTEGRAL CALCULUS (MTH_252Z_400_U2026),page,module-4-learning-materials-and-practice-activities-3-5-hours-2,1,yes,,raw_html/00077-mth-252-module-item-module-4-learning-materials-and-practice-activities-3-5-hours-integral-calculus-mth-252z-400-u20.html,text/00077-mth-252-module-item-module-4-learning-materials-and-practice-activities-3-5-hours-integral-calculus-mth-252z-400-u20.txt,text/00077-mth-252-module-item-module-4-learning-materials-and-practice-activities-3-5-hours-integral-calculus-mth-252z-400-u20.fulltext.txt,markdown/00077-mth-252-module-item-module-4-learning-materials-and-practice-activities-3-5-hours-integral-calculus-mth-252z-400-u20.md,,metadata/00077-mth-252-module-item-module-4-learning-materials-and-practice-activities-3-5-hours-integral-calculus-mth-252z-400-u20.json,6620862711c71b491989fdddad2dd7fc428fb173d6546240518401a5ae26a07f,3b844be737d5681323da223b776725682e18a36fac5f90bdee676dae0165dd4f,2026-07-18T06:10:38.779Z,6,53,3,0,0,0
00078-mth-252-module-item-252-lecture-1-3-to-me2-pdf-integral-calculus-mth-252z-400-u2026,2080857,MTH-252,module_item,module_item,https://canvas.oregonstate.edu/courses/2080857/modules/items/26982574,https://canvas.oregonstate.edu/courses/2080857/files/119223594?module_item_id=26982574,252-Lecture-1.3-to-ME2.pdf: INTEGRAL CALCULUS (MTH_252Z_400_U2026),file,119223594,1,yes,,raw_html/00078-mth-252-module-item-252-lecture-1-3-to-me2-pdf-integral-calculus-mth-252z-400-u2026.html,text/00078-mth-252-module-item-252-lecture-1-3-to-me2-pdf-integral-calculus-mth-252z-400-u2026.txt,text/00078-mth-252-module-item-252-lecture-1-3-to-me2-pdf-integral-calculus-mth-252z-400-u2026.fulltext.txt,markdown/00078-mth-252-module-item-252-lecture-1-3-to-me2-pdf-integral-calculus-mth-252z-400-u2026.md,,metadata/00078-mth-252-module-item-252-lecture-1-3-to-me2-pdf-integral-calculus-mth-252z-400-u2026.json,d353fdda5f96e9a14143f412a1bfc34db5f79bd0d18e36add946f99ec10e1989,810fa348e22429be3cc96eee6f93afab2c6bb12814eead6de681751ca6d53b5d,2026-07-18T06:10:41.975Z,1,29,4,0,0,0
00079-mth-252-module-item-dr-g-s-videos-sect-1-3-1-4-integral-calculus-mth-252z-400-u2026,2080857,MTH-252,module_item,module_item,https://canvas.oregonstate.edu/courses/2080857/modules/items/26982575,https://canvas.oregonstate.edu/courses/2080857/pages/dr-gs-videos-%3E-sect-1-dot-3-1-dot-4?module_item_id=26982575,"Dr G's Videos --> Sect 1.3, 1.4: INTEGRAL CALCULUS (MTH_252Z_400_U2026)",page,dr-gs-videos-%3E-sect-1-dot-3-1-dot-4,1,yes,,raw_html/00079-mth-252-module-item-dr-g-s-videos-sect-1-3-1-4-integral-calculus-mth-252z-400-u2026.html,text/00079-mth-252-module-item-dr-g-s-videos-sect-1-3-1-4-integral-calculus-mth-252z-400-u2026.txt,text/00079-mth-252-module-item-dr-g-s-videos-sect-1-3-1-4-integral-calculus-mth-252z-400-u2026.fulltext.txt,markdown/00079-mth-252-module-item-dr-g-s-videos-sect-1-3-1-4-integral-calculus-mth-252z-400-u2026.md,,metadata/00079-mth-252-module-item-dr-g-s-videos-sect-1-3-1-4-integral-calculus-mth-252z-400-u2026.json,0e9835169671f2d12e7f6603d5c1b269087cb2e5a6297e508f4b530de5ff4b6c,26fd063c3632cbfddcab4c2e5f1feaba9c17f0282625e07dd5278adcd9a98010,2026-07-18T06:10:48.567Z,1,27,4,0,0,0
00080-mth-252-module-item-dr-g-s-videos-sect-1-4-1-5-1-6-integral-calculus-mth-252z-400-u2026,2080857,MTH-252,module_item,module_item,https://canvas.oregonstate.edu/courses/2080857/modules/items/26982576,https://canvas.oregonstate.edu/courses/2080857/pages/dr-gs-videos-%3E-sect-1-dot-4-1-dot-5-1-dot-6?module_item_id=26982576,"Dr G's Videos --> Sect 1.4, 1.5, 1.6: INTEGRAL CALCULUS (MTH_252Z_400_U2026)",page,dr-gs-videos-%3E-sect-1-dot-4-1-dot-5-1-dot-6,1,yes,,raw_html/00080-mth-252-module-item-dr-g-s-videos-sect-1-4-1-5-1-6-integral-calculus-mth-252z-400-u2026.html,text/00080-mth-252-module-item-dr-g-s-videos-sect-1-4-1-5-1-6-integral-calculus-mth-252z-400-u2026.txt,text/00080-mth-252-module-item-dr-g-s-videos-sect-1-4-1-5-1-6-integral-calculus-mth-252z-400-u2026.fulltext.txt,markdown/00080-mth-252-module-item-dr-g-s-videos-sect-1-4-1-5-1-6-integral-calculus-mth-252z-400-u2026.md,,metadata/00080-mth-252-module-item-dr-g-s-videos-sect-1-4-1-5-1-6-integral-calculus-mth-252z-400-u2026.json,3aec22044582920654d61acc135d412598f5292cb946a72ab52eb0edc58c1e90,f88d7ef44ce20e91db831ab4f9c255bd43b293717886a63c4b30d69f59664dfb,2026-07-18T06:10:53.502Z,1,28,6,0,0,0
00081-mth-252-module-item-rq-1-4-integral-calculus-mth-252z-400-u2026,2080857,MTH-252,module_item,module_item,https://canvas.oregonstate.edu/courses/2080857/modules/items/26982577,https://canvas.oregonstate.edu/courses/2080857/quizzes/3167664?module_item_id=26982577,RQ-1.4 : INTEGRAL CALCULUS (MTH_252Z_400_U2026),quiz,3167664,1,yes,,raw_html/00081-mth-252-module-item-rq-1-4-integral-calculus-mth-252z-400-u2026.html,text/00081-mth-252-module-item-rq-1-4-integral-calculus-mth-252z-400-u2026.txt,text/00081-mth-252-module-item-rq-1-4-integral-calculus-mth-252z-400-u2026.fulltext.txt,markdown/00081-mth-252-module-item-rq-1-4-integral-calculus-mth-252z-400-u2026.md,,metadata/00081-mth-252-module-item-rq-1-4-integral-calculus-mth-252z-400-u2026.json,c4b365bef3e3f43195869e478747346c6198cf8704756cd296275463d2b26e18,f5a4b0a5ca5a1329c915206ccbac7a25b777fc2a4eadcca6054424932d8341c0,2026-07-18T06:11:01.414Z,4,31,3,0,0,0
00082-mth-252-module-item-rq-1-5-integral-calculus-mth-252z-400-u2026,2080857,MTH-252,module_item,module_item,https://canvas.oregonstate.edu/courses/2080857/modules/items/26982578,https://canvas.oregonstate.edu/courses/2080857/quizzes/3167662?module_item_id=26982578,RQ-1.5: INTEGRAL CALCULUS (MTH_252Z_400_U2026),quiz,3167662,1,yes,,raw_html/00082-mth-252-module-item-rq-1-5-integral-calculus-mth-252z-400-u2026.html,text/00082-mth-252-module-item-rq-1-5-integral-calculus-mth-252z-400-u2026.txt,text/00082-mth-252-module-item-rq-1-5-integral-calculus-mth-252z-400-u2026.fulltext.txt,markdown/00082-mth-252-module-item-rq-1-5-integral-calculus-mth-252z-400-u2026.md,,metadata/00082-mth-252-module-item-rq-1-5-integral-calculus-mth-252z-400-u2026.json,c4abcb9b35df3bc0aebcae221f3ccea142381796fc14a1038e07335ac66c515d,fb6726a7129f80f4cc702b497948a880d622c46a6009eb7aa69110a76acde149,2026-07-18T06:11:05.553Z,4,31,3,0,0,0
00083-mth-252-module-item-rq-1-6-integral-calculus-mth-252z-400-u2026,2080857,MTH-252,module_item,module_item,https://canvas.oregonstate.edu/courses/2080857/modules/items/26982579,https://canvas.oregonstate.edu/courses/2080857/quizzes/3167654?module_item_id=26982579,RQ-1.6 : INTEGRAL CALCULUS (MTH_252Z_400_U2026),quiz,3167654,1,yes,,raw_html/00083-mth-252-module-item-rq-1-6-integral-calculus-mth-252z-400-u2026.html,text/00083-mth-252-module-item-rq-1-6-integral-calculus-mth-252z-400-u2026.txt,text/00083-mth-252-module-item-rq-1-6-integral-calculus-mth-252z-400-u2026.fulltext.txt,markdown/00083-mth-252-module-item-rq-1-6-integral-calculus-mth-252z-400-u2026.md,,metadata/00083-mth-252-module-item-rq-1-6-integral-calculus-mth-252z-400-u2026.json,dcaa18a1b800fe4dd87ce25c0edfb574d8c40d07eafe4442b38071f42dd2d792,54d84d6c98a31879c468f943cb4cb0db6a5c70b33642fe2df797e6730db24a04,2026-07-18T06:11:09.567Z,4,31,3,0,0,0
00084-mth-252-module-item-module-4-written-homework-whw-4-3-hours,2080857,MTH-252,module_item,module_item,https://canvas.oregonstate.edu/courses/2080857/modules/items/26982580,https://canvas.oregonstate.edu/courses/2080857/assignments/10586057?module_item_id=26982580,Module 4 — Written Homework (WHW 4) 🕓 3 hours,assignment,10586057,1,yes,yes,raw_html/00084-mth-252-module-item-module-4-written-homework-whw-4-3-hours.html,text/00084-mth-252-module-item-module-4-written-homework-whw-4-3-hours.txt,text/00084-mth-252-module-item-module-4-written-homework-whw-4-3-hours.fulltext.txt,markdown/00084-mth-252-module-item-module-4-written-homework-whw-4-3-hours.md,,metadata/00084-mth-252-module-item-module-4-written-homework-whw-4-3-hours.json,fd232c34e39cb723dc80e3d3cbe645816598724819496dc1d0f78da390c3fdcf,588a6126f6f7bd2126bfebb68d2b7d71c1bc3b1487ba140550b99610e9ec7ee2,2026-07-18T06:11:15.679Z,8,145,3,0,0,0
00085-mth-252-module-item-achieve-1-4-integration-formulas-and-the-net-change-theorem,2080857,MTH-252,module_item,module_item,https://canvas.oregonstate.edu/courses/2080857/modules/items/26982581,https://canvas.oregonstate.edu/courses/2080857/assignments/10586028?module_item_id=26982581,Achieve - 1.4 Integration Formulas and the Net Change Theorem,assignment,10586028,1,yes,yes,raw_html/00085-mth-252-module-item-achieve-1-4-integration-formulas-and-the-net-change-theorem.html,text/00085-mth-252-module-item-achieve-1-4-integration-formulas-and-the-net-change-theorem.txt,text/00085-mth-252-module-item-achieve-1-4-integration-formulas-and-the-net-change-theorem.fulltext.txt,markdown/00085-mth-252-module-item-achieve-1-4-integration-formulas-and-the-net-change-theorem.md,,metadata/00085-mth-252-module-item-achieve-1-4-integration-formulas-and-the-net-change-theorem.json,80be795acd73ae691737825db7849616e37972236c7ba981cd4e7a7f71fef928,dc03e8b239513964a533089848e238d29e3437ec3361edf0db38415ec9ea5ea4,2026-07-18T06:11:19.665Z,2,54,3,0,0,0
00086-mth-252-module-item-achieve-1-5-substitution,2080857,MTH-252,module_item,module_item,https://canvas.oregonstate.edu/courses/2080857/modules/items/26982582,https://canvas.oregonstate.edu/courses/2080857/assignments/10586029?module_item_id=26982582,Achieve - 1.5 Substitution,assignment,10586029,1,yes,yes,raw_html/00086-mth-252-module-item-achieve-1-5-substitution.html,text/00086-mth-252-module-item-achieve-1-5-substitution.txt,text/00086-mth-252-module-item-achieve-1-5-substitution.fulltext.txt,markdown/00086-mth-252-module-item-achieve-1-5-substitution.md,,metadata/00086-mth-252-module-item-achieve-1-5-substitution.json,4775619e0baae928bae6f225b29b5794ab38af088d69913f70ec6d93b64f290a,d7f2fbe2f0a1f1810b092354197e2b91ecb168e5f09ec5eddb0fc25acff6ff81,2026-07-18T06:11:24.471Z,2,54,3,0,0,0
00087-mth-252-module-item-achieve-1-6-integrals-involving-exponential-and-logarithmic-functions,2080857,MTH-252,module_item,module_item,https://canvas.oregonstate.edu/courses/2080857/modules/items/26982583,https://canvas.oregonstate.edu/courses/2080857/assignments/10586030?module_item_id=26982583,Achieve - 1.6 Integrals Involving Exponential and Logarithmic Functions,assignment,10586030,1,yes,yes,raw_html/00087-mth-252-module-item-achieve-1-6-integrals-involving-exponential-and-logarithmic-functions.html,text/00087-mth-252-module-item-achieve-1-6-integrals-involving-exponential-and-logarithmic-functions.txt,text/00087-mth-252-module-item-achieve-1-6-integrals-involving-exponential-and-logarithmic-functions.fulltext.txt,markdown/00087-mth-252-module-item-achieve-1-6-integrals-involving-exponential-and-logarithmic-functions.md,,metadata/00087-mth-252-module-item-achieve-1-6-integrals-involving-exponential-and-logarithmic-functions.json,4ed047ce1232a9ecc4beb16c4f0d8396c33d2fb6f441ea029562839122c30b94,6da85ae464483c4ae9affa32eaf74df13fc7961a60302916175420d3e3957a26,2026-07-18T06:11:28.569Z,2,52,3,0,0,0
00088-mth-252-module-item-topic-module-4-discussion-reflection-whw-4-0-5-hour,2080857,MTH-252,module_item,module_item,https://canvas.oregonstate.edu/courses/2080857/modules/items/26982584,https://canvas.oregonstate.edu/courses/2080857/discussion_topics/11593472?module_item_id=26982584,Topic: Module 4 — Discussion Reflection: WHW 4 🕓 0.5 hour,discussion,11593472,1,yes,,raw_html/00088-mth-252-module-item-topic-module-4-discussion-reflection-whw-4-0-5-hour.html,text/00088-mth-252-module-item-topic-module-4-discussion-reflection-whw-4-0-5-hour.txt,text/00088-mth-252-module-item-topic-module-4-discussion-reflection-whw-4-0-5-hour.fulltext.txt,markdown/00088-mth-252-module-item-topic-module-4-discussion-reflection-whw-4-0-5-hour.md,,metadata/00088-mth-252-module-item-topic-module-4-discussion-reflection-whw-4-0-5-hour.json,c8f59a1f83e5861ef81b34de33a3b4652d7ca589517a867e18be1fc577605e67,e3b0c44298fc1c149afbf4c8996fb92427ae41e4649b934ca495991b7852b855,2026-07-18T06:11:33.149Z,0,27,3,0,0,0
00089-mth-252-module-item-mini-exam-2-no-calculators-on-this-exam,2080857,MTH-252,module_item,module_item,https://canvas.oregonstate.edu/courses/2080857/modules/items/26982585,https://canvas.oregonstate.edu/courses/2080857/assignments/10586048?module_item_id=26982585,Mini-Exam 2 --> No Calculators on this Exam,assignment,10586048,1,yes,yes,raw_html/00089-mth-252-module-item-mini-exam-2-no-calculators-on-this-exam.html,text/00089-mth-252-module-item-mini-exam-2-no-calculators-on-this-exam.txt,text/00089-mth-252-module-item-mini-exam-2-no-calculators-on-this-exam.fulltext.txt,markdown/00089-mth-252-module-item-mini-exam-2-no-calculators-on-this-exam.md,,metadata/00089-mth-252-module-item-mini-exam-2-no-calculators-on-this-exam.json,c8f9abba327425c736f72bfb45a18f5f26b7f981ba0f9ccab98c5fae48a217d3,99667fc67d0d5c1366fa7f0d26ad8af3029c4bbfd148e7752c18977d27d165cc,2026-07-18T06:11:39.168Z,9,71,3,0,0,0
00090-mth-252-module-item-module-5-overview-integral-calculus-mth-252z-400-u2026,2080857,MTH-252,module_item,module_item,https://canvas.oregonstate.edu/courses/2080857/modules/items/26982586,https://canvas.oregonstate.edu/courses/2080857/pages/module-5-overview?module_item_id=26982586,Module 5 — Overview: INTEGRAL CALCULUS (MTH_252Z_400_U2026),page,module-5-overview,1,yes,,raw_html/00090-mth-252-module-item-module-5-overview-integral-calculus-mth-252z-400-u2026.html,text/00090-mth-252-module-item-module-5-overview-integral-calculus-mth-252z-400-u2026.txt,text/00090-mth-252-module-item-module-5-overview-integral-calculus-mth-252z-400-u2026.fulltext.txt,markdown/00090-mth-252-module-item-module-5-overview-integral-calculus-mth-252z-400-u2026.md,,metadata/00090-mth-252-module-item-module-5-overview-integral-calculus-mth-252z-400-u2026.json,bce918cb36a236016e32641f5d3d4093f6f04106cdb70ed5053b98128d1f1937,cb1e5d271f5fdeaeb4fe21a03b5e5e098a0c8e8bff3f958fbf08f33d1278f9d5,2026-07-18T06:11:42.563Z,4,30,3,0,0,0
00091-mth-252-module-item-module-5-learning-materials-and-practice-activities-3-5-hours-integral-calculus-mth-252z-400-u20,2080857,MTH-252,module_item,module_item,https://canvas.oregonstate.edu/courses/2080857/modules/items/26982587,https://canvas.oregonstate.edu/courses/2080857/pages/module-5-learning-materials-and-practice-activities-3-5-hours-2?module_item_id=26982587,Module 5 — Learning Materials and Practice Activities 🕓 3 - 5 hours: INTEGRAL CALCULUS (MTH_252Z_400_U2026),page,module-5-learning-materials-and-practice-activities-3-5-hours-2,1,yes,,raw_html/00091-mth-252-module-item-module-5-learning-materials-and-practice-activities-3-5-hours-integral-calculus-mth-252z-400-u20.html,text/00091-mth-252-module-item-module-5-learning-materials-and-practice-activities-3-5-hours-integral-calculus-mth-252z-400-u20.txt,text/00091-mth-252-module-item-module-5-learning-materials-and-practice-activities-3-5-hours-integral-calculus-mth-252z-400-u20.fulltext.txt,markdown/00091-mth-252-module-item-module-5-learning-materials-and-practice-activities-3-5-hours-integral-calculus-mth-252z-400-u20.md,,metadata/00091-mth-252-module-item-module-5-learning-materials-and-practice-activities-3-5-hours-integral-calculus-mth-252z-400-u20.json,b74ff068469c9ba228eec691116aba75a4fd0e28ec71bd6fcd2901046ff39197,e827fd6ca0808313c7cacb5881c4269d850ac0210ffc3a07d5309be963812edf,2026-07-18T06:11:46.422Z,6,45,3,0,0,0
00092-mth-252-module-item-252-lecture-3-1-to-me3-pdf-integral-calculus-mth-252z-400-u2026,2080857,MTH-252,module_item,module_item,https://canvas.oregonstate.edu/courses/2080857/modules/items/26982588,https://canvas.oregonstate.edu/courses/2080857/files/119223561?module_item_id=26982588,252-Lecture-3.1-to-ME3.pdf: INTEGRAL CALCULUS (MTH_252Z_400_U2026),file,119223561,1,yes,,raw_html/00092-mth-252-module-item-252-lecture-3-1-to-me3-pdf-integral-calculus-mth-252z-400-u2026.html,text/00092-mth-252-module-item-252-lecture-3-1-to-me3-pdf-integral-calculus-mth-252z-400-u2026.txt,text/00092-mth-252-module-item-252-lecture-3-1-to-me3-pdf-integral-calculus-mth-252z-400-u2026.fulltext.txt,markdown/00092-mth-252-module-item-252-lecture-3-1-to-me3-pdf-integral-calculus-mth-252z-400-u2026.md,,metadata/00092-mth-252-module-item-252-lecture-3-1-to-me3-pdf-integral-calculus-mth-252z-400-u2026.json,3ee95a764bad55e3bddcdc8a0943aed11ea8a9a6c30f3968e4f515a6051dfacb,740713c055a9e7b259fcb597b95da0c5d804e924141cfec15437b65e969b2637,2026-07-18T06:11:49.958Z,1,29,4,0,0,0
00093-mth-252-module-item-dr-g-s-videos-3-1-3-2-integral-calculus-mth-252z-400-u2026,2080857,MTH-252,module_item,module_item,https://canvas.oregonstate.edu/courses/2080857/modules/items/26982589,https://canvas.oregonstate.edu/courses/2080857/pages/dr-gs-videos-%3E-3-dot-1-3-dot-2?module_item_id=26982589,"Dr G's Videos --> 3.1, 3.2: INTEGRAL CALCULUS (MTH_252Z_400_U2026)",page,dr-gs-videos-%3E-3-dot-1-3-dot-2,1,yes,,raw_html/00093-mth-252-module-item-dr-g-s-videos-3-1-3-2-integral-calculus-mth-252z-400-u2026.html,text/00093-mth-252-module-item-dr-g-s-videos-3-1-3-2-integral-calculus-mth-252z-400-u2026.txt,text/00093-mth-252-module-item-dr-g-s-videos-3-1-3-2-integral-calculus-mth-252z-400-u2026.fulltext.txt,markdown/00093-mth-252-module-item-dr-g-s-videos-3-1-3-2-integral-calculus-mth-252z-400-u2026.md,,metadata/00093-mth-252-module-item-dr-g-s-videos-3-1-3-2-integral-calculus-mth-252z-400-u2026.json,9ec2e33e748acdca1038775ff88dc76688cd442f723b659a12646908e790dbe2,9c45af107f981feabc2f7f1bd67cfbb678b728b9ee90f1f747a97595744bf246,2026-07-18T06:11:54.312Z,1,31,6,0,0,0
00094-mth-252-module-item-lecture-3-1-3-2-pdf-integral-calculus-mth-252z-400-u2026,2080857,MTH-252,module_item,module_item,https://canvas.oregonstate.edu/courses/2080857/modules/items/26982590,https://canvas.oregonstate.edu/courses/2080857/files/119223595?module_item_id=26982590,Lecture-3.1-3.2.pdf: INTEGRAL CALCULUS (MTH_252Z_400_U2026),file,119223595,1,yes,,raw_html/00094-mth-252-module-item-lecture-3-1-3-2-pdf-integral-calculus-mth-252z-400-u2026.html,text/00094-mth-252-module-item-lecture-3-1-3-2-pdf-integral-calculus-mth-252z-400-u2026.txt,text/00094-mth-252-module-item-lecture-3-1-3-2-pdf-integral-calculus-mth-252z-400-u2026.fulltext.txt,markdown/00094-mth-252-module-item-lecture-3-1-3-2-pdf-integral-calculus-mth-252z-400-u2026.md,,metadata/00094-mth-252-module-item-lecture-3-1-3-2-pdf-integral-calculus-mth-252z-400-u2026.json,418371e3e0c3a59cdab3b6e52667de8dee6d486db7e2d1e0c035a522f9b8b47d,dce91578c3d285610feedd06a6b84eab208235831cae8ac6302057e63bb0d99a,2026-07-18T06:11:58.719Z,1,28,4,0,0,0
00095-mth-252-module-item-rq-3-1-integral-calculus-mth-252z-400-u2026,2080857,MTH-252,module_item,module_item,https://canvas.oregonstate.edu/courses/2080857/modules/items/26982591,https://canvas.oregonstate.edu/courses/2080857/quizzes/3167660?module_item_id=26982591,RQ-3.1: INTEGRAL CALCULUS (MTH_252Z_400_U2026),quiz,3167660,1,yes,,raw_html/00095-mth-252-module-item-rq-3-1-integral-calculus-mth-252z-400-u2026.html,text/00095-mth-252-module-item-rq-3-1-integral-calculus-mth-252z-400-u2026.txt,text/00095-mth-252-module-item-rq-3-1-integral-calculus-mth-252z-400-u2026.fulltext.txt,markdown/00095-mth-252-module-item-rq-3-1-integral-calculus-mth-252z-400-u2026.md,,metadata/00095-mth-252-module-item-rq-3-1-integral-calculus-mth-252z-400-u2026.json,4a4a7be14925669cc0a3c920b7dd7664df919c72c81b2cbbb8958db023b5eb10,b504bd372221936f3efc5a5dbcf906e244fe778a5782e9a925c8eae76ed0181e,2026-07-18T06:12:03.459Z,4,29,3,0,0,0
00096-mth-252-module-item-rq-3-2-integral-calculus-mth-252z-400-u2026,2080857,MTH-252,module_item,module_item,https://canvas.oregonstate.edu/courses/2080857/modules/items/26982592,https://canvas.oregonstate.edu/courses/2080857/quizzes/3167667?module_item_id=26982592,RQ-3.2 : INTEGRAL CALCULUS (MTH_252Z_400_U2026),quiz,3167667,1,yes,,raw_html/00096-mth-252-module-item-rq-3-2-integral-calculus-mth-252z-400-u2026.html,text/00096-mth-252-module-item-rq-3-2-integral-calculus-mth-252z-400-u2026.txt,text/00096-mth-252-module-item-rq-3-2-integral-calculus-mth-252z-400-u2026.fulltext.txt,markdown/00096-mth-252-module-item-rq-3-2-integral-calculus-mth-252z-400-u2026.md,,metadata/00096-mth-252-module-item-rq-3-2-integral-calculus-mth-252z-400-u2026.json,549b1ff0358ea5675a0e684fdf225916fae58db243a427755d337729da454762,83878abcb8de0e449f9f61964e05e5ff08b07feb11c57f8ad19108194326f1c6,2026-07-18T06:12:07.211Z,4,31,3,0,0,0
00097-mth-252-module-item-topic-module-5-discussion-reflection-mini-exam-2-0-5-hour,2080857,MTH-252,module_item,module_item,https://canvas.oregonstate.edu/courses/2080857/modules/items/26982593,https://canvas.oregonstate.edu/courses/2080857/discussion_topics/11593471?module_item_id=26982593,Topic: Module 5 — Discussion Reflection: Mini-Exam 2 🕓 0.5 hour,discussion,11593471,1,yes,,raw_html/00097-mth-252-module-item-topic-module-5-discussion-reflection-mini-exam-2-0-5-hour.html,text/00097-mth-252-module-item-topic-module-5-discussion-reflection-mini-exam-2-0-5-hour.txt,text/00097-mth-252-module-item-topic-module-5-discussion-reflection-mini-exam-2-0-5-hour.fulltext.txt,markdown/00097-mth-252-module-item-topic-module-5-discussion-reflection-mini-exam-2-0-5-hour.md,,metadata/00097-mth-252-module-item-topic-module-5-discussion-reflection-mini-exam-2-0-5-hour.json,dda70fe611fab1152f69c8226cf33f4850d22833a7979371e6d45fc4fee509f2,e3b0c44298fc1c149afbf4c8996fb92427ae41e4649b934ca495991b7852b855,2026-07-18T06:12:10.558Z,0,27,3,0,0,0
00098-mth-252-module-item-module-5-written-homework-whw-5-3-hours,2080857,MTH-252,module_item,module_item,https://canvas.oregonstate.edu/courses/2080857/modules/items/26982594,https://canvas.oregonstate.edu/courses/2080857/assignments/10586058?module_item_id=26982594,Module 5 — Written Homework (WHW 5) 🕓 3 hours,assignment,10586058,1,yes,yes,raw_html/00098-mth-252-module-item-module-5-written-homework-whw-5-3-hours.html,text/00098-mth-252-module-item-module-5-written-homework-whw-5-3-hours.txt,text/00098-mth-252-module-item-module-5-written-homework-whw-5-3-hours.fulltext.txt,markdown/00098-mth-252-module-item-module-5-written-homework-whw-5-3-hours.md,,metadata/00098-mth-252-module-item-module-5-written-homework-whw-5-3-hours.json,bbf1d0510568347eb1a60bf5cd8efdc0f0c00cac20bc852120321984d514a089,5d4ec3afa79c9da843c67cc37f9cfab08503b9264427acd612d36f88cec62a66,2026-07-18T06:12:15.085Z,8,144,3,0,0,0
00099-mth-252-module-item-achieve-3-1-integration-by-parts,2080857,MTH-252,module_item,module_item,https://canvas.oregonstate.edu/courses/2080857/modules/items/26982595,https://canvas.oregonstate.edu/courses/2080857/assignments/10586037?module_item_id=26982595,Achieve - 3.1 Integration by Parts,assignment,10586037,1,yes,yes,raw_html/00099-mth-252-module-item-achieve-3-1-integration-by-parts.html,text/00099-mth-252-module-item-achieve-3-1-integration-by-parts.txt,text/00099-mth-252-module-item-achieve-3-1-integration-by-parts.fulltext.txt,markdown/00099-mth-252-module-item-achieve-3-1-integration-by-parts.md,,metadata/00099-mth-252-module-item-achieve-3-1-integration-by-parts.json,87fdd9dfc68fee0fff006b7b1410b58e7fe09d578a094799214ae7da12cb9b33,6c66eae79ec0842234b095d2091bba512926503e46d86b23a66b8e8dc2810b20,2026-07-18T06:12:20.169Z,2,54,3,0,0,0
00100-mth-252-module-item-achieve-3-2-trigonometric-integrals,2080857,MTH-252,module_item,module_item,https://canvas.oregonstate.edu/courses/2080857/modules/items/26982596,https://canvas.oregonstate.edu/courses/2080857/assignments/10586038?module_item_id=26982596,Achieve - 3.2 Trigonometric Integrals,assignment,10586038,1,yes,yes,raw_html/00100-mth-252-module-item-achieve-3-2-trigonometric-integrals.html,text/00100-mth-252-module-item-achieve-3-2-trigonometric-integrals.txt,text/00100-mth-252-module-item-achieve-3-2-trigonometric-integrals.fulltext.txt,markdown/00100-mth-252-module-item-achieve-3-2-trigonometric-integrals.md,,metadata/00100-mth-252-module-item-achieve-3-2-trigonometric-integrals.json,015c9f0508fd7b081cd25402a4199de391e64fb2024130bad0d2333ba9ef080d,e0b56b155267b705c66a66708af7d1d5ae361e125a0874ac8b655fba0d8e942c,2026-07-18T06:12:23.912Z,2,54,3,0,0,0
00101-mth-252-module-item-module-6-overview-integral-calculus-mth-252z-400-u2026,2080857,MTH-252,module_item,module_item,https://canvas.oregonstate.edu/courses/2080857/modules/items/26982597,https://canvas.oregonstate.edu/courses/2080857/pages/module-6-overview?module_item_id=26982597,Module 6 — Overview: INTEGRAL CALCULUS (MTH_252Z_400_U2026),page,module-6-overview,1,yes,,raw_html/00101-mth-252-module-item-module-6-overview-integral-calculus-mth-252z-400-u2026.html,text/00101-mth-252-module-item-module-6-overview-integral-calculus-mth-252z-400-u2026.txt,text/00101-mth-252-module-item-module-6-overview-integral-calculus-mth-252z-400-u2026.fulltext.txt,markdown/00101-mth-252-module-item-module-6-overview-integral-calculus-mth-252z-400-u2026.md,,metadata/00101-mth-252-module-item-module-6-overview-integral-calculus-mth-252z-400-u2026.json,4a1078a15d1e3cd07f08b09de93d7ba593a179c965ec5d130a38c1ca09ebde14,6e6b958313cf46ced88dfd304af54b7709f3f801f7df6e12799a178444d18630,2026-07-18T06:12:27.718Z,4,30,3,0,0,0
00102-mth-252-module-item-module-6-learning-materials-and-practice-activities-3-5-hours-integral-calculus-mth-252z-400-u20,2080857,MTH-252,module_item,module_item,https://canvas.oregonstate.edu/courses/2080857/modules/items/26982598,https://canvas.oregonstate.edu/courses/2080857/pages/module-6-learning-materials-and-practice-activities-3-5-hours-2?module_item_id=26982598,Module 6 — Learning Materials and Practice Activities 🕓 3 - 5 hours: INTEGRAL CALCULUS (MTH_252Z_400_U2026),page,module-6-learning-materials-and-practice-activities-3-5-hours-2,1,yes,,raw_html/00102-mth-252-module-item-module-6-learning-materials-and-practice-activities-3-5-hours-integral-calculus-mth-252z-400-u20.html,text/00102-mth-252-module-item-module-6-learning-materials-and-practice-activities-3-5-hours-integral-calculus-mth-252z-400-u20.txt,text/00102-mth-252-module-item-module-6-learning-materials-and-practice-activities-3-5-hours-integral-calculus-mth-252z-400-u20.fulltext.txt,markdown/00102-mth-252-module-item-module-6-learning-materials-and-practice-activities-3-5-hours-integral-calculus-mth-252z-400-u20.md,,metadata/00102-mth-252-module-item-module-6-learning-materials-and-practice-activities-3-5-hours-integral-calculus-mth-252z-400-u20.json,6fe938ae99ed51ac55f1e9f5511b05fcb9b217a5f73987639ffb77d0e7e1117a,1a82822f1d977b99638b2d3f5e91959f7c4d362de5875a455f31e1b5c1634be4,2026-07-18T06:12:31.161Z,6,44,3,0,0,0
00103-mth-252-module-item-252-lecture-3-1-to-me3-pdf-integral-calculus-mth-252z-400-u2026,2080857,MTH-252,module_item,module_item,https://canvas.oregonstate.edu/courses/2080857/modules/items/26982599,https://canvas.oregonstate.edu/courses/2080857/files/119223561?module_item_id=26982599,252-Lecture-3.1-to-ME3.pdf: INTEGRAL CALCULUS (MTH_252Z_400_U2026),file,119223561,1,yes,,raw_html/00103-mth-252-module-item-252-lecture-3-1-to-me3-pdf-integral-calculus-mth-252z-400-u2026.html,text/00103-mth-252-module-item-252-lecture-3-1-to-me3-pdf-integral-calculus-mth-252z-400-u2026.txt,text/00103-mth-252-module-item-252-lecture-3-1-to-me3-pdf-integral-calculus-mth-252z-400-u2026.fulltext.txt,markdown/00103-mth-252-module-item-252-lecture-3-1-to-me3-pdf-integral-calculus-mth-252z-400-u2026.md,,metadata/00103-mth-252-module-item-252-lecture-3-1-to-me3-pdf-integral-calculus-mth-252z-400-u2026.json,8ae8318ccb2c0758ed8b61d4f0e932750a82cf2241e251fa5fe9e0a9c11932c0,bfd36710ccaf285ce810e57039e426295691cb79f7f262537d7c734ebdd2b685,2026-07-18T06:12:34.998Z,1,31,4,0,0,0
00104-mth-252-module-item-dr-g-videos-3-3-integral-calculus-mth-252z-400-u2026,2080857,MTH-252,module_item,module_item,https://canvas.oregonstate.edu/courses/2080857/modules/items/26982600,https://canvas.oregonstate.edu/courses/2080857/pages/dr-g-videos-%3E-3-dot-3?module_item_id=26982600,Dr. G Videos --> 3.3: INTEGRAL CALCULUS (MTH_252Z_400_U2026),page,dr-g-videos-%3E-3-dot-3,1,yes,,raw_html/00104-mth-252-module-item-dr-g-videos-3-3-integral-calculus-mth-252z-400-u2026.html,text/00104-mth-252-module-item-dr-g-videos-3-3-integral-calculus-mth-252z-400-u2026.txt,text/00104-mth-252-module-item-dr-g-videos-3-3-integral-calculus-mth-252z-400-u2026.fulltext.txt,markdown/00104-mth-252-module-item-dr-g-videos-3-3-integral-calculus-mth-252z-400-u2026.md,,metadata/00104-mth-252-module-item-dr-g-videos-3-3-integral-calculus-mth-252z-400-u2026.json,979fc3dc37a31091383127c62e73b80c0fa45fca3dc8efec38e81bc251a517e3,3ad13124081d997bb8e5205ba5436f84bf1e983a23b4de3618e044ebeceffe0a,2026-07-18T06:12:39.999Z,1,29,4,0,0,0
00105-mth-252-module-item-dr-g-s-videos-3-3-continued-3-4-integral-calculus-mth-252z-400-u2026,2080857,MTH-252,module_item,module_item,https://canvas.oregonstate.edu/courses/2080857/modules/items/26982601,https://canvas.oregonstate.edu/courses/2080857/pages/dr-gs-videos-%3E-3-dot-3-continued-3-dot-4?module_item_id=26982601,"Dr G's Videos --> 3.3 continued, 3.4: INTEGRAL CALCULUS (MTH_252Z_400_U2026)",page,dr-gs-videos-%3E-3-dot-3-continued-3-dot-4,1,yes,,raw_html/00105-mth-252-module-item-dr-g-s-videos-3-3-continued-3-4-integral-calculus-mth-252z-400-u2026.html,text/00105-mth-252-module-item-dr-g-s-videos-3-3-continued-3-4-integral-calculus-mth-252z-400-u2026.txt,text/00105-mth-252-module-item-dr-g-s-videos-3-3-continued-3-4-integral-calculus-mth-252z-400-u2026.fulltext.txt,markdown/00105-mth-252-module-item-dr-g-s-videos-3-3-continued-3-4-integral-calculus-mth-252z-400-u2026.md,,metadata/00105-mth-252-module-item-dr-g-s-videos-3-3-continued-3-4-integral-calculus-mth-252z-400-u2026.json,4f820061f11b677f15122f2445f9e5ce2dba411ec69ef0995c1d432e3c005562,3a8fad482333a1cf1297d543d3b4618f4014c233e090fcaa67d50b36c02c43fa,2026-07-18T06:12:44.461Z,1,30,5,0,0,0
00106-mth-252-module-item-rq-3-3-integral-calculus-mth-252z-400-u2026,2080857,MTH-252,module_item,module_item,https://canvas.oregonstate.edu/courses/2080857/modules/items/26982602,https://canvas.oregonstate.edu/courses/2080857/quizzes/3167656?module_item_id=26982602,RQ-3.3 : INTEGRAL CALCULUS (MTH_252Z_400_U2026),quiz,3167656,1,yes,,raw_html/00106-mth-252-module-item-rq-3-3-integral-calculus-mth-252z-400-u2026.html,text/00106-mth-252-module-item-rq-3-3-integral-calculus-mth-252z-400-u2026.txt,text/00106-mth-252-module-item-rq-3-3-integral-calculus-mth-252z-400-u2026.fulltext.txt,markdown/00106-mth-252-module-item-rq-3-3-integral-calculus-mth-252z-400-u2026.md,,metadata/00106-mth-252-module-item-rq-3-3-integral-calculus-mth-252z-400-u2026.json,823edfaa6747776b863b79a2b89c0cf41ac39966fe4e08def010523d2602ab1e,5b4242bdfe30dff64d366cbcd29709b07de54a45c7003713d0365469e3c66dcf,2026-07-18T06:12:49.901Z,1,29,3,0,0,0
00107-mth-252-module-item-module-6-written-homework-whw-6-3-hours,2080857,MTH-252,module_item,module_item,https://canvas.oregonstate.edu/courses/2080857/modules/items/26982603,https://canvas.oregonstate.edu/courses/2080857/assignments/10586059?module_item_id=26982603,Module 6 — Written Homework (WHW 6) 🕓 3 hours,assignment,10586059,1,yes,,raw_html/00107-mth-252-module-item-module-6-written-homework-whw-6-3-hours.html,text/00107-mth-252-module-item-module-6-written-homework-whw-6-3-hours.txt,text/00107-mth-252-module-item-module-6-written-homework-whw-6-3-hours.fulltext.txt,markdown/00107-mth-252-module-item-module-6-written-homework-whw-6-3-hours.md,,metadata/00107-mth-252-module-item-module-6-written-homework-whw-6-3-hours.json,56122dd4d8c00a0a8b0fc2bba0c5ff258af6dd4006106975f98e95aaf989a3a9,20de4d24a0b758f32337c5f0a583e8c00b98072d4ac05e0aa303d1f9ee0292b4,2026-07-18T06:12:54.110Z,2,54,3,0,0,0
00108-mth-252-module-item-topic-module-6-discussion-reflection-whw-6-0-5-hour,2080857,MTH-252,module_item,module_item,https://canvas.oregonstate.edu/courses/2080857/modules/items/26982604,https://canvas.oregonstate.edu/courses/2080857/discussion_topics/11593470?module_item_id=26982604,Topic: Module 6 — Discussion Reflection: WHW 6 🕓 0.5 hour,discussion,11593470,1,yes,,raw_html/00108-mth-252-module-item-topic-module-6-discussion-reflection-whw-6-0-5-hour.html,text/00108-mth-252-module-item-topic-module-6-discussion-reflection-whw-6-0-5-hour.txt,text/00108-mth-252-module-item-topic-module-6-discussion-reflection-whw-6-0-5-hour.fulltext.txt,markdown/00108-mth-252-module-item-topic-module-6-discussion-reflection-whw-6-0-5-hour.md,,metadata/00108-mth-252-module-item-topic-module-6-discussion-reflection-whw-6-0-5-hour.json,1a26d9b08ae902627b7ff9d365988b8535a26f03ef54a04f64dd7a677a55de32,e3b0c44298fc1c149afbf4c8996fb92427ae41e4649b934ca495991b7852b855,2026-07-18T06:12:57.453Z,0,27,3,0,0,0
00109-mth-252-module-item-achieve-3-3-trigonometric-substitution,2080857,MTH-252,module_item,module_item,https://canvas.oregonstate.edu/courses/2080857/modules/items/26982605,https://canvas.oregonstate.edu/courses/2080857/assignments/10586039?module_item_id=26982605,Achieve - 3.3 Trigonometric Substitution,assignment,10586039,1,yes,yes,raw_html/00109-mth-252-module-item-achieve-3-3-trigonometric-substitution.html,text/00109-mth-252-module-item-achieve-3-3-trigonometric-substitution.txt,text/00109-mth-252-module-item-achieve-3-3-trigonometric-substitution.fulltext.txt,markdown/00109-mth-252-module-item-achieve-3-3-trigonometric-substitution.md,,metadata/00109-mth-252-module-item-achieve-3-3-trigonometric-substitution.json,56825af9c7d62df74b980f677b721c865d5d9a6c9448034c6ef026d30691898d,87bc112ca446255c1695e8826c3d33867941879519e235bfbcab765cbb699f6e,2026-07-18T06:13:02.113Z,2,52,3,0,0,0
00110-mth-252-module-item-achieve-3-4-partial-fractions,2080857,MTH-252,module_item,module_item,https://canvas.oregonstate.edu/courses/2080857/modules/items/26982606,https://canvas.oregonstate.edu/courses/2080857/assignments/10586040?module_item_id=26982606,Achieve - 3.4 Partial Fractions,assignment,10586040,1,yes,yes,raw_html/00110-mth-252-module-item-achieve-3-4-partial-fractions.html,text/00110-mth-252-module-item-achieve-3-4-partial-fractions.txt,text/00110-mth-252-module-item-achieve-3-4-partial-fractions.fulltext.txt,markdown/00110-mth-252-module-item-achieve-3-4-partial-fractions.md,,metadata/00110-mth-252-module-item-achieve-3-4-partial-fractions.json,642ee4ff85ae77a742fad4d35f2f11528db90b322604d231b21e4c71a8393a96,b7c4f753a7acb5b99572cde91fafcd741791c9b0a640e6a963b30702216431a2,2026-07-18T06:13:06.162Z,2,54,3,0,0,0
00111-mth-252-module-item-mini-exam-3-tuesday-to-thursday,2080857,MTH-252,module_item,module_item,https://canvas.oregonstate.edu/courses/2080857/modules/items/26982607,https://canvas.oregonstate.edu/courses/2080857/assignments/10586050?module_item_id=26982607,Mini-Exam 3 --> Tuesday to Thursday,assignment,10586050,1,yes,,raw_html/00111-mth-252-module-item-mini-exam-3-tuesday-to-thursday.html,text/00111-mth-252-module-item-mini-exam-3-tuesday-to-thursday.txt,text/00111-mth-252-module-item-mini-exam-3-tuesday-to-thursday.fulltext.txt,markdown/00111-mth-252-module-item-mini-exam-3-tuesday-to-thursday.md,,metadata/00111-mth-252-module-item-mini-exam-3-tuesday-to-thursday.json,b8121615331a3cad413d2bb12e4a7993540683d6c6003022493238c7b30399ae,0ab9601a73a4945d33c844dbe88ce696f71c9b625304578c8e9627d7399ef3bc,2026-07-18T06:13:09.511Z,2,54,3,0,0,0
00112-mth-252-module-item-module-7-overview-integral-calculus-mth-252z-400-u2026,2080857,MTH-252,module_item,module_item,https://canvas.oregonstate.edu/courses/2080857/modules/items/26982608,https://canvas.oregonstate.edu/courses/2080857/pages/module-7-overview?module_item_id=26982608,Module 7 — Overview: INTEGRAL CALCULUS (MTH_252Z_400_U2026),page,module-7-overview,1,yes,,raw_html/00112-mth-252-module-item-module-7-overview-integral-calculus-mth-252z-400-u2026.html,text/00112-mth-252-module-item-module-7-overview-integral-calculus-mth-252z-400-u2026.txt,text/00112-mth-252-module-item-module-7-overview-integral-calculus-mth-252z-400-u2026.fulltext.txt,markdown/00112-mth-252-module-item-module-7-overview-integral-calculus-mth-252z-400-u2026.md,,metadata/00112-mth-252-module-item-module-7-overview-integral-calculus-mth-252z-400-u2026.json,edc82a1e63d5abe6da2daac70e130558e587983926ac7675465373c8c3860955,b66711e271309426fcf8c8fb40c66f5a066669ff5b1780a5d4dfc4e73c1d821d,2026-07-18T06:13:14.204Z,4,30,3,0,0,0
00113-mth-252-module-item-module-7-learning-materials-and-practice-activities-3-5-hours-integral-calculus-mth-252z-400-u20,2080857,MTH-252,module_item,module_item,https://canvas.oregonstate.edu/courses/2080857/modules/items/26982609,https://canvas.oregonstate.edu/courses/2080857/pages/module-7-learning-materials-and-practice-activities-3-5-hours-2?module_item_id=26982609,Module 7 — Learning Materials and Practice Activities 🕓 3 - 5 hours: INTEGRAL CALCULUS (MTH_252Z_400_U2026),page,module-7-learning-materials-and-practice-activities-3-5-hours-2,1,yes,,raw_html/00113-mth-252-module-item-module-7-learning-materials-and-practice-activities-3-5-hours-integral-calculus-mth-252z-400-u20.html,text/00113-mth-252-module-item-module-7-learning-materials-and-practice-activities-3-5-hours-integral-calculus-mth-252z-400-u20.txt,text/00113-mth-252-module-item-module-7-learning-materials-and-practice-activities-3-5-hours-integral-calculus-mth-252z-400-u20.fulltext.txt,markdown/00113-mth-252-module-item-module-7-learning-materials-and-practice-activities-3-5-hours-integral-calculus-mth-252z-400-u20.md,,metadata/00113-mth-252-module-item-module-7-learning-materials-and-practice-activities-3-5-hours-integral-calculus-mth-252z-400-u20.json,f6b4f935c10d0be7a145eaa69924aa14f2f329603f0eafa2a12e832994bebb6e,f260b769fb10754a8b4b13d98eb308b8ffe619a76259540a4953edca52845da0,2026-07-18T06:13:18.401Z,6,51,3,0,0,0
00114-mth-252-module-item-252-lecture-2-1-to-me4-pdf-integral-calculus-mth-252z-400-u2026,2080857,MTH-252,module_item,module_item,https://canvas.oregonstate.edu/courses/2080857/modules/items/26982610,https://canvas.oregonstate.edu/courses/2080857/files/119223597?module_item_id=26982610,252-Lecture-2.1-to-ME4.pdf: INTEGRAL CALCULUS (MTH_252Z_400_U2026),file,119223597,1,yes,,raw_html/00114-mth-252-module-item-252-lecture-2-1-to-me4-pdf-integral-calculus-mth-252z-400-u2026.html,text/00114-mth-252-module-item-252-lecture-2-1-to-me4-pdf-integral-calculus-mth-252z-400-u2026.txt,text/00114-mth-252-module-item-252-lecture-2-1-to-me4-pdf-integral-calculus-mth-252z-400-u2026.fulltext.txt,markdown/00114-mth-252-module-item-252-lecture-2-1-to-me4-pdf-integral-calculus-mth-252z-400-u2026.md,,metadata/00114-mth-252-module-item-252-lecture-2-1-to-me4-pdf-integral-calculus-mth-252z-400-u2026.json,a6e6c5ca4d8f4a73471cb155a2d2d2564f745c9b7d8ef8d48d03adfa66071066,c99395328a003ddb927b4c00ce314162e8a6b34b7434553da74af7dd8339746c,2026-07-18T06:13:23.242Z,1,31,4,0,0,0
00115-mth-252-module-item-dr-gs-videos-2-1-2-2-integral-calculus-mth-252z-400-u2026,2080857,MTH-252,module_item,module_item,https://canvas.oregonstate.edu/courses/2080857/modules/items/26982611,https://canvas.oregonstate.edu/courses/2080857/pages/dr-gs-videos-%3E-2-dot-1-2-dot-2?module_item_id=26982611,"Dr Gs Videos --> 2.1, 2.2: INTEGRAL CALCULUS (MTH_252Z_400_U2026)",page,dr-gs-videos-%3E-2-dot-1-2-dot-2,1,yes,,raw_html/00115-mth-252-module-item-dr-gs-videos-2-1-2-2-integral-calculus-mth-252z-400-u2026.html,text/00115-mth-252-module-item-dr-gs-videos-2-1-2-2-integral-calculus-mth-252z-400-u2026.txt,text/00115-mth-252-module-item-dr-gs-videos-2-1-2-2-integral-calculus-mth-252z-400-u2026.fulltext.txt,markdown/00115-mth-252-module-item-dr-gs-videos-2-1-2-2-integral-calculus-mth-252z-400-u2026.md,,metadata/00115-mth-252-module-item-dr-gs-videos-2-1-2-2-integral-calculus-mth-252z-400-u2026.json,ffa3265c800574d44bf74fd555a1210cd892b7f4a2181c308dcb1b9f998a202f,3e762fb8047a1fed49613822b7dca1d6262cba866064716bdcef84121c7d6522,2026-07-18T06:13:27.651Z,1,31,6,0,0,0
00116-mth-252-module-item-dr-g-s-videos-2-2-integral-calculus-mth-252z-400-u2026,2080857,MTH-252,module_item,module_item,https://canvas.oregonstate.edu/courses/2080857/modules/items/26982612,https://canvas.oregonstate.edu/courses/2080857/pages/dr-gs-videos-%3E-2-dot-2?module_item_id=26982612,Dr G's Videos --> 2.2 : INTEGRAL CALCULUS (MTH_252Z_400_U2026),page,dr-gs-videos-%3E-2-dot-2,1,yes,,raw_html/00116-mth-252-module-item-dr-g-s-videos-2-2-integral-calculus-mth-252z-400-u2026.html,text/00116-mth-252-module-item-dr-g-s-videos-2-2-integral-calculus-mth-252z-400-u2026.txt,text/00116-mth-252-module-item-dr-g-s-videos-2-2-integral-calculus-mth-252z-400-u2026.fulltext.txt,markdown/00116-mth-252-module-item-dr-g-s-videos-2-2-integral-calculus-mth-252z-400-u2026.md,,metadata/00116-mth-252-module-item-dr-g-s-videos-2-2-integral-calculus-mth-252z-400-u2026.json,d13db8ab28238f9879d39657c64554b4403931efa66dc9b23a5c24880a96c11d,c08c5f642d7af223b11427660feee9fa295877f049ab1c0af476c70717a41d48,2026-07-18T06:13:33.633Z,1,29,4,0,0,0
00117-mth-252-module-item-rq-2-1-integral-calculus-mth-252z-400-u2026,2080857,MTH-252,module_item,module_item,https://canvas.oregonstate.edu/courses/2080857/modules/items/26982613,https://canvas.oregonstate.edu/courses/2080857/quizzes/3167666?module_item_id=26982613,RQ-2.1 : INTEGRAL CALCULUS (MTH_252Z_400_U2026),quiz,3167666,1,yes,,raw_html/00117-mth-252-module-item-rq-2-1-integral-calculus-mth-252z-400-u2026.html,text/00117-mth-252-module-item-rq-2-1-integral-calculus-mth-252z-400-u2026.txt,text/00117-mth-252-module-item-rq-2-1-integral-calculus-mth-252z-400-u2026.fulltext.txt,markdown/00117-mth-252-module-item-rq-2-1-integral-calculus-mth-252z-400-u2026.md,,metadata/00117-mth-252-module-item-rq-2-1-integral-calculus-mth-252z-400-u2026.json,4ec6d9ee83df3181182e5a04a059ea976356948003bdd6400ae8e916cc872bf9,7b643e84d17d2348ad5ec6e4d4507339008404fc25c975ea570e6ce0924d580e,2026-07-18T06:13:38.151Z,1,29,3,0,0,0
00118-mth-252-module-item-rq-2-2-integral-calculus-mth-252z-400-u2026,2080857,MTH-252,module_item,module_item,https://canvas.oregonstate.edu/courses/2080857/modules/items/26982614,https://canvas.oregonstate.edu/courses/2080857/quizzes/3167653?module_item_id=26982614,RQ-2.2 : INTEGRAL CALCULUS (MTH_252Z_400_U2026),quiz,3167653,1,yes,,raw_html/00118-mth-252-module-item-rq-2-2-integral-calculus-mth-252z-400-u2026.html,text/00118-mth-252-module-item-rq-2-2-integral-calculus-mth-252z-400-u2026.txt,text/00118-mth-252-module-item-rq-2-2-integral-calculus-mth-252z-400-u2026.fulltext.txt,markdown/00118-mth-252-module-item-rq-2-2-integral-calculus-mth-252z-400-u2026.md,,metadata/00118-mth-252-module-item-rq-2-2-integral-calculus-mth-252z-400-u2026.json,db2562e62458374e9e5daf82111e3b7d544e6010ae4f4562ede5188d9be4132f,2f991ba98d300c72b1f29b8e0ac49cce355f1104fdd5c884e200ea0e9bf53dce,2026-07-18T06:13:41.948Z,1,29,3,0,0,0
00119-mth-252-module-item-achieve-2-1-areas-between-curves,2080857,MTH-252,module_item,module_item,https://canvas.oregonstate.edu/courses/2080857/modules/items/26982615,https://canvas.oregonstate.edu/courses/2080857/assignments/10586031?module_item_id=26982615,Achieve - 2.1 Areas between Curves,assignment,10586031,1,yes,yes,raw_html/00119-mth-252-module-item-achieve-2-1-areas-between-curves.html,text/00119-mth-252-module-item-achieve-2-1-areas-between-curves.txt,text/00119-mth-252-module-item-achieve-2-1-areas-between-curves.fulltext.txt,markdown/00119-mth-252-module-item-achieve-2-1-areas-between-curves.md,,metadata/00119-mth-252-module-item-achieve-2-1-areas-between-curves.json,31796fc04f1d6f5244884e1ff606586f45204716263ee784e3c2d3a85cb93bb4,707cdf1f48e78b2fcd42846c69f44d7ae55de65533d1ab78cd4fc8d69a4981e9,2026-07-18T06:13:45.095Z,2,52,3,0,0,0
00120-mth-252-module-item-achieve-2-2-volumes-by-slicing-and-disc-washer-method,2080857,MTH-252,module_item,module_item,https://canvas.oregonstate.edu/courses/2080857/modules/items/26982616,https://canvas.oregonstate.edu/courses/2080857/assignments/10586032?module_item_id=26982616,Achieve - 2.2 Volumes by Slicing and Disc/Washer Method,assignment,10586032,1,yes,yes,raw_html/00120-mth-252-module-item-achieve-2-2-volumes-by-slicing-and-disc-washer-method.html,text/00120-mth-252-module-item-achieve-2-2-volumes-by-slicing-and-disc-washer-method.txt,text/00120-mth-252-module-item-achieve-2-2-volumes-by-slicing-and-disc-washer-method.fulltext.txt,markdown/00120-mth-252-module-item-achieve-2-2-volumes-by-slicing-and-disc-washer-method.md,,metadata/00120-mth-252-module-item-achieve-2-2-volumes-by-slicing-and-disc-washer-method.json,1d95ec3401298ef9fcfebd2e596b7531732ca4a7373c85be5cf6d7630bd75020,8f54135f850db8fc32b54433d4109f93507656fd38141da521d8089293a0efba,2026-07-18T06:13:48.699Z,2,54,3,0,0,0
00121-mth-252-module-item-module-7-written-homework-whw-7-3-hours,2080857,MTH-252,module_item,module_item,https://canvas.oregonstate.edu/courses/2080857/modules/items/26982617,https://canvas.oregonstate.edu/courses/2080857/assignments/10586060?module_item_id=26982617,Module 7 — Written Homework (WHW 7) 🕓 3 hours,assignment,10586060,1,yes,,raw_html/00121-mth-252-module-item-module-7-written-homework-whw-7-3-hours.html,text/00121-mth-252-module-item-module-7-written-homework-whw-7-3-hours.txt,text/00121-mth-252-module-item-module-7-written-homework-whw-7-3-hours.fulltext.txt,markdown/00121-mth-252-module-item-module-7-written-homework-whw-7-3-hours.md,,metadata/00121-mth-252-module-item-module-7-written-homework-whw-7-3-hours.json,67da6b3b9fef9fadeadd1b701cc99430eb0831cdb24516e9450614c2a500d77a,0aa18a1ca4fca91c563eafea327697b9408d8ca05dd032332784ee49cfe2246a,2026-07-18T06:13:53.410Z,2,54,3,0,0,0
00122-mth-252-module-item-topic-module-7-discussion-reflection-mini-exam-3-0-5-hour,2080857,MTH-252,module_item,module_item,https://canvas.oregonstate.edu/courses/2080857/modules/items/26982618,https://canvas.oregonstate.edu/courses/2080857/discussion_topics/11593469?module_item_id=26982618,Topic: Module 7 — Discussion Reflection: Mini-Exam 3 🕓 0.5 hour,discussion,11593469,1,yes,,raw_html/00122-mth-252-module-item-topic-module-7-discussion-reflection-mini-exam-3-0-5-hour.html,text/00122-mth-252-module-item-topic-module-7-discussion-reflection-mini-exam-3-0-5-hour.txt,text/00122-mth-252-module-item-topic-module-7-discussion-reflection-mini-exam-3-0-5-hour.fulltext.txt,markdown/00122-mth-252-module-item-topic-module-7-discussion-reflection-mini-exam-3-0-5-hour.md,,metadata/00122-mth-252-module-item-topic-module-7-discussion-reflection-mini-exam-3-0-5-hour.json,1ce90e01e3efa50dce661c23340962f67354b35f4c146fe991782644c0604e33,e3b0c44298fc1c149afbf4c8996fb92427ae41e4649b934ca495991b7852b855,2026-07-18T06:13:56.844Z,0,27,3,0,0,0
00123-mth-252-module-item-module-8-overview-integral-calculus-mth-252z-400-u2026,2080857,MTH-252,module_item,module_item,https://canvas.oregonstate.edu/courses/2080857/modules/items/26982619,https://canvas.oregonstate.edu/courses/2080857/pages/module-8-overview?module_item_id=26982619,Module 8 — Overview: INTEGRAL CALCULUS (MTH_252Z_400_U2026),page,module-8-overview,1,yes,,raw_html/00123-mth-252-module-item-module-8-overview-integral-calculus-mth-252z-400-u2026.html,text/00123-mth-252-module-item-module-8-overview-integral-calculus-mth-252z-400-u2026.txt,text/00123-mth-252-module-item-module-8-overview-integral-calculus-mth-252z-400-u2026.fulltext.txt,markdown/00123-mth-252-module-item-module-8-overview-integral-calculus-mth-252z-400-u2026.md,,metadata/00123-mth-252-module-item-module-8-overview-integral-calculus-mth-252z-400-u2026.json,39f012d930457e1dcf342d7750f0afcf100395fdb7b9d6f52123f7ee735d9cfa,f591b4a6a4e4496151f306a10ecd4f0b80aa36dfbc6ab89e2eb39cde0882b3a8,2026-07-18T06:14:02.044Z,4,28,3,0,0,0
00124-mth-252-module-item-module-8-learning-materials-and-practice-activities-3-5-hours-integral-calculus-mth-252z-400-u20,2080857,MTH-252,module_item,module_item,https://canvas.oregonstate.edu/courses/2080857/modules/items/26982620,https://canvas.oregonstate.edu/courses/2080857/pages/module-8-learning-materials-and-practice-activities-3-5-hours-2?module_item_id=26982620,Module 8 — Learning Materials and Practice Activities 🕓 3 - 5 hours: INTEGRAL CALCULUS (MTH_252Z_400_U2026),page,module-8-learning-materials-and-practice-activities-3-5-hours-2,1,yes,,raw_html/00124-mth-252-module-item-module-8-learning-materials-and-practice-activities-3-5-hours-integral-calculus-mth-252z-400-u20.html,text/00124-mth-252-module-item-module-8-learning-materials-and-practice-activities-3-5-hours-integral-calculus-mth-252z-400-u20.txt,text/00124-mth-252-module-item-module-8-learning-materials-and-practice-activities-3-5-hours-integral-calculus-mth-252z-400-u20.fulltext.txt,markdown/00124-mth-252-module-item-module-8-learning-materials-and-practice-activities-3-5-hours-integral-calculus-mth-252z-400-u20.md,,metadata/00124-mth-252-module-item-module-8-learning-materials-and-practice-activities-3-5-hours-integral-calculus-mth-252z-400-u20.json,539bdcb7701d2d145aa0ae59cb07d6e831264097e3e6c99180217848a56b4046,f7feb80999b5ebdfc94cf6616c7753f6cceb7ebb1e32765c07819d8392ab6490,2026-07-18T06:14:05.048Z,6,42,3,0,0,0
00125-mth-252-module-item-252-lecture-2-1-to-me4-pdf-integral-calculus-mth-252z-400-u2026,2080857,MTH-252,module_item,module_item,https://canvas.oregonstate.edu/courses/2080857/modules/items/26982621,https://canvas.oregonstate.edu/courses/2080857/files/119223597?module_item_id=26982621,252-Lecture-2.1-to-ME4.pdf: INTEGRAL CALCULUS (MTH_252Z_400_U2026),file,119223597,1,yes,,raw_html/00125-mth-252-module-item-252-lecture-2-1-to-me4-pdf-integral-calculus-mth-252z-400-u2026.html,text/00125-mth-252-module-item-252-lecture-2-1-to-me4-pdf-integral-calculus-mth-252z-400-u2026.txt,text/00125-mth-252-module-item-252-lecture-2-1-to-me4-pdf-integral-calculus-mth-252z-400-u2026.fulltext.txt,markdown/00125-mth-252-module-item-252-lecture-2-1-to-me4-pdf-integral-calculus-mth-252z-400-u2026.md,,metadata/00125-mth-252-module-item-252-lecture-2-1-to-me4-pdf-integral-calculus-mth-252z-400-u2026.json,3039d8a992b958cd22b59ce22ace4f6dfbf4680dcd29414aa6fd1eaaaf9b7fd4,c99395328a003ddb927b4c00ce314162e8a6b34b7434553da74af7dd8339746c,2026-07-18T06:14:08.593Z,1,31,4,0,0,0
00126-mth-252-module-item-lecture-2-3-2-4-pdf-integral-calculus-mth-252z-400-u2026,2080857,MTH-252,module_item,module_item,https://canvas.oregonstate.edu/courses/2080857/modules/items/26982622,https://canvas.oregonstate.edu/courses/2080857/files/119223466?module_item_id=26982622,Lecture-2.3-2.4.pdf: INTEGRAL CALCULUS (MTH_252Z_400_U2026),file,119223466,1,yes,,raw_html/00126-mth-252-module-item-lecture-2-3-2-4-pdf-integral-calculus-mth-252z-400-u2026.html,text/00126-mth-252-module-item-lecture-2-3-2-4-pdf-integral-calculus-mth-252z-400-u2026.txt,text/00126-mth-252-module-item-lecture-2-3-2-4-pdf-integral-calculus-mth-252z-400-u2026.fulltext.txt,markdown/00126-mth-252-module-item-lecture-2-3-2-4-pdf-integral-calculus-mth-252z-400-u2026.md,,metadata/00126-mth-252-module-item-lecture-2-3-2-4-pdf-integral-calculus-mth-252z-400-u2026.json,d3764b31ff9340266ef44505d74823d768429ff603a21cfb0203114f6871e31a,32d4fbfcf6a8e83d0d7dc93260aca2b23f40539ae62aa521347232d84ea4e37a,2026-07-18T06:14:12.799Z,1,29,4,0,0,0
00127-mth-252-module-item-dr-g-s-videos-2-3-2-4-integral-calculus-mth-252z-400-u2026,2080857,MTH-252,module_item,module_item,https://canvas.oregonstate.edu/courses/2080857/modules/items/26982623,https://canvas.oregonstate.edu/courses/2080857/pages/dr-gs-videos-%3E-2-dot-3-2-dot-4?module_item_id=26982623,"Dr G's Videos --> 2.3, 2.4: INTEGRAL CALCULUS (MTH_252Z_400_U2026)",page,dr-gs-videos-%3E-2-dot-3-2-dot-4,1,yes,,raw_html/00127-mth-252-module-item-dr-g-s-videos-2-3-2-4-integral-calculus-mth-252z-400-u2026.html,text/00127-mth-252-module-item-dr-g-s-videos-2-3-2-4-integral-calculus-mth-252z-400-u2026.txt,text/00127-mth-252-module-item-dr-g-s-videos-2-3-2-4-integral-calculus-mth-252z-400-u2026.fulltext.txt,markdown/00127-mth-252-module-item-dr-g-s-videos-2-3-2-4-integral-calculus-mth-252z-400-u2026.md,,metadata/00127-mth-252-module-item-dr-g-s-videos-2-3-2-4-integral-calculus-mth-252z-400-u2026.json,928c7e93286e8f26aca46101e896145c18e4d2be6e1e8588410c6f12f30d6469,87d43ae71e49c5bcab7f4f3ca0346b15f804d71769eca361f5f30079d6609a54,2026-07-18T06:14:17.402Z,1,28,5,0,0,0
00128-mth-252-module-item-rq-2-3-integral-calculus-mth-252z-400-u2026,2080857,MTH-252,module_item,module_item,https://canvas.oregonstate.edu/courses/2080857/modules/items/26982624,https://canvas.oregonstate.edu/courses/2080857/quizzes/3167665?module_item_id=26982624,RQ-2.3 : INTEGRAL CALCULUS (MTH_252Z_400_U2026),quiz,3167665,1,yes,,raw_html/00128-mth-252-module-item-rq-2-3-integral-calculus-mth-252z-400-u2026.html,text/00128-mth-252-module-item-rq-2-3-integral-calculus-mth-252z-400-u2026.txt,text/00128-mth-252-module-item-rq-2-3-integral-calculus-mth-252z-400-u2026.fulltext.txt,markdown/00128-mth-252-module-item-rq-2-3-integral-calculus-mth-252z-400-u2026.md,,metadata/00128-mth-252-module-item-rq-2-3-integral-calculus-mth-252z-400-u2026.json,abfdac52dcacb2f699123f2d1868d198bb1a78ed9c397c8ea42d96e323642148,64a0948f8ce1d96ca1bd4ad6fa47b1430d3d682ff2c117e4849d1d627fa642ef,2026-07-18T06:14:21.296Z,1,27,3,0,0,0
00129-mth-252-module-item-rq-2-4-integral-calculus-mth-252z-400-u2026,2080857,MTH-252,module_item,module_item,https://canvas.oregonstate.edu/courses/2080857/modules/items/26982625,https://canvas.oregonstate.edu/courses/2080857/quizzes/3167663?module_item_id=26982625,RQ-2.4: INTEGRAL CALCULUS (MTH_252Z_400_U2026),quiz,3167663,1,yes,,raw_html/00129-mth-252-module-item-rq-2-4-integral-calculus-mth-252z-400-u2026.html,text/00129-mth-252-module-item-rq-2-4-integral-calculus-mth-252z-400-u2026.txt,text/00129-mth-252-module-item-rq-2-4-integral-calculus-mth-252z-400-u2026.fulltext.txt,markdown/00129-mth-252-module-item-rq-2-4-integral-calculus-mth-252z-400-u2026.md,,metadata/00129-mth-252-module-item-rq-2-4-integral-calculus-mth-252z-400-u2026.json,1da278407f7e9cb6c89233ba3162d6da87318e5a248c858dc08ba3df4a95c496,29d8c8b18b0fb321192b23f195c8b3885685dcfdb82140aa2999ccca989c63e2,2026-07-18T06:14:24.247Z,1,29,3,0,0,0
00130-mth-252-module-item-module-8-written-homework-whw-8-3-hours,2080857,MTH-252,module_item,module_item,https://canvas.oregonstate.edu/courses/2080857/modules/items/26982626,https://canvas.oregonstate.edu/courses/2080857/assignments/10586061?module_item_id=26982626,Module 8 — Written Homework (WHW 8) 🕓 3 hours,assignment,10586061,1,yes,,raw_html/00130-mth-252-module-item-module-8-written-homework-whw-8-3-hours.html,text/00130-mth-252-module-item-module-8-written-homework-whw-8-3-hours.txt,text/00130-mth-252-module-item-module-8-written-homework-whw-8-3-hours.fulltext.txt,markdown/00130-mth-252-module-item-module-8-written-homework-whw-8-3-hours.md,,metadata/00130-mth-252-module-item-module-8-written-homework-whw-8-3-hours.json,418bf74e02c864c671c1a2e00f98e81e3067c216a17de21fccdfdb32215274cb,ff01d15b49d61e25cee77b5b262da7f33c6539fa6cfa4a4ad222e04f846cb5b6,2026-07-18T06:14:27.594Z,2,52,3,0,0,0
00131-mth-252-module-item-topic-module-8-discussion-reflection-whw-8-0-5-hour,2080857,MTH-252,module_item,module_item,https://canvas.oregonstate.edu/courses/2080857/modules/items/26982627,https://canvas.oregonstate.edu/courses/2080857/discussion_topics/11593468?module_item_id=26982627,Topic: Module 8 — Discussion Reflection: WHW 8 🕓 0.5 hour,discussion,11593468,1,yes,,raw_html/00131-mth-252-module-item-topic-module-8-discussion-reflection-whw-8-0-5-hour.html,text/00131-mth-252-module-item-topic-module-8-discussion-reflection-whw-8-0-5-hour.txt,text/00131-mth-252-module-item-topic-module-8-discussion-reflection-whw-8-0-5-hour.fulltext.txt,markdown/00131-mth-252-module-item-topic-module-8-discussion-reflection-whw-8-0-5-hour.md,,metadata/00131-mth-252-module-item-topic-module-8-discussion-reflection-whw-8-0-5-hour.json,1b67f14e2190d07ae7681046bf6c589c8a77d9f9a9cd0f42782e20ab1cbf5176,8ab9755c11168b1fddd21eb790707b844a493afd0dd8c44e2b0093700f98d3ce,2026-07-18T06:14:38.196Z,1,29,3,0,0,0
00132-mth-252-module-item-achieve-2-3-volumes-of-revolution-cylindrical-shells,2080857,MTH-252,module_item,module_item,https://canvas.oregonstate.edu/courses/2080857/modules/items/26982628,https://canvas.oregonstate.edu/courses/2080857/assignments/10586033?module_item_id=26982628,Achieve - 2.3 Volumes of Revolution: Cylindrical Shells,assignment,10586033,1,yes,yes,raw_html/00132-mth-252-module-item-achieve-2-3-volumes-of-revolution-cylindrical-shells.html,text/00132-mth-252-module-item-achieve-2-3-volumes-of-revolution-cylindrical-shells.txt,text/00132-mth-252-module-item-achieve-2-3-volumes-of-revolution-cylindrical-shells.fulltext.txt,markdown/00132-mth-252-module-item-achieve-2-3-volumes-of-revolution-cylindrical-shells.md,,metadata/00132-mth-252-module-item-achieve-2-3-volumes-of-revolution-cylindrical-shells.json,be59c5a7c6258e4810dcac8f9c8bff78af09938ebd7a4d0e39cb5cce717c64a4,b97f2a922e01b870f4eee378f49bd81621736437a45b6eb0ab036bd27ad013d7,2026-07-18T06:14:41.544Z,2,54,3,0,0,0
00133-mth-252-module-item-acheive-2-4-arc-length-of-a-curve-no-surface-area,2080857,MTH-252,module_item,module_item,https://canvas.oregonstate.edu/courses/2080857/modules/items/26982629,https://canvas.oregonstate.edu/courses/2080857/assignments/10586024?module_item_id=26982629,Acheive - 2.4 Arc Length of a Curve (NO Surface Area),assignment,10586024,1,yes,yes,raw_html/00133-mth-252-module-item-acheive-2-4-arc-length-of-a-curve-no-surface-area.html,text/00133-mth-252-module-item-acheive-2-4-arc-length-of-a-curve-no-surface-area.txt,text/00133-mth-252-module-item-acheive-2-4-arc-length-of-a-curve-no-surface-area.fulltext.txt,markdown/00133-mth-252-module-item-acheive-2-4-arc-length-of-a-curve-no-surface-area.md,,metadata/00133-mth-252-module-item-acheive-2-4-arc-length-of-a-curve-no-surface-area.json,95fb77443b46c57050e56d5a46bdcc88b0e3cb81e5cfeb4f50b9481e609ab542,31e891ffb482bbaedd7cbc8dd5962bd48f57615cdd351ef627c3c16584b972f0,2026-07-18T06:14:44.744Z,2,54,3,0,0,0
00134-mth-252-module-item-mini-exam-4-tuesday-to-thursday,2080857,MTH-252,module_item,module_item,https://canvas.oregonstate.edu/courses/2080857/modules/items/26982630,https://canvas.oregonstate.edu/courses/2080857/assignments/10586052?module_item_id=26982630,Mini-Exam 4 --> Tuesday to Thursday,assignment,10586052,1,yes,,raw_html/00134-mth-252-module-item-mini-exam-4-tuesday-to-thursday.html,text/00134-mth-252-module-item-mini-exam-4-tuesday-to-thursday.txt,text/00134-mth-252-module-item-mini-exam-4-tuesday-to-thursday.fulltext.txt,markdown/00134-mth-252-module-item-mini-exam-4-tuesday-to-thursday.md,,metadata/00134-mth-252-module-item-mini-exam-4-tuesday-to-thursday.json,c459b7585b1d9df260a4fe53556ce4d09e4108ef9d0bc7791d5d72adcd46de4b,bfe6c0fd5da35ab7876bd2ad6ece47f3e77f37a0d049001a8a9b45169416272b,2026-07-18T06:14:48.546Z,2,52,3,0,0,0
00135-mth-252-module-item-module-9-overview-integral-calculus-mth-252z-400-u2026,2080857,MTH-252,module_item,module_item,https://canvas.oregonstate.edu/courses/2080857/modules/items/26982631,https://canvas.oregonstate.edu/courses/2080857/pages/module-9-overview?module_item_id=26982631,Module 9 — Overview: INTEGRAL CALCULUS (MTH_252Z_400_U2026),page,module-9-overview,1,yes,,raw_html/00135-mth-252-module-item-module-9-overview-integral-calculus-mth-252z-400-u2026.html,text/00135-mth-252-module-item-module-9-overview-integral-calculus-mth-252z-400-u2026.txt,text/00135-mth-252-module-item-module-9-overview-integral-calculus-mth-252z-400-u2026.fulltext.txt,markdown/00135-mth-252-module-item-module-9-overview-integral-calculus-mth-252z-400-u2026.md,,metadata/00135-mth-252-module-item-module-9-overview-integral-calculus-mth-252z-400-u2026.json,cc153c59e3e65def0b7a02c60c1b92c4f753bb17979e52d5c64d9a806031d436,5ed7d91b353d596e6905949cece36d711454e7290d516a7efd03d567e7d8209f,2026-07-18T06:14:52.350Z,4,30,3,0,0,0
00136-mth-252-module-item-module-9-learning-materials-and-practice-activities-3-5-hours-integral-calculus-mth-252z-400-u20,2080857,MTH-252,module_item,module_item,https://canvas.oregonstate.edu/courses/2080857/modules/items/26982632,https://canvas.oregonstate.edu/courses/2080857/pages/module-9-learning-materials-and-practice-activities-3-5-hours-2?module_item_id=26982632,Module 9 — Learning Materials and Practice Activities 🕓 3 - 5 hours: INTEGRAL CALCULUS (MTH_252Z_400_U2026),page,module-9-learning-materials-and-practice-activities-3-5-hours-2,1,yes,,raw_html/00136-mth-252-module-item-module-9-learning-materials-and-practice-activities-3-5-hours-integral-calculus-mth-252z-400-u20.html,text/00136-mth-252-module-item-module-9-learning-materials-and-practice-activities-3-5-hours-integral-calculus-mth-252z-400-u20.txt,text/00136-mth-252-module-item-module-9-learning-materials-and-practice-activities-3-5-hours-integral-calculus-mth-252z-400-u20.fulltext.txt,markdown/00136-mth-252-module-item-module-9-learning-materials-and-practice-activities-3-5-hours-integral-calculus-mth-252z-400-u20.md,,metadata/00136-mth-252-module-item-module-9-learning-materials-and-practice-activities-3-5-hours-integral-calculus-mth-252z-400-u20.json,7e0e66e541c49404f1ec2d6f04bd2003084a41ef4f85a967a8206868bb0464fb,07121b62414988964029c222a7eb4082111a9c73a14d398d1b291426a4563144,2026-07-18T06:14:55.797Z,6,45,3,0,0,0
00137-mth-252-module-item-252-lecture-2-5-to-me5-pdf-integral-calculus-mth-252z-400-u2026,2080857,MTH-252,module_item,module_item,https://canvas.oregonstate.edu/courses/2080857/modules/items/26982633,https://canvas.oregonstate.edu/courses/2080857/files/119223598?module_item_id=26982633,252-Lecture-2.5-to-ME5.pdf: INTEGRAL CALCULUS (MTH_252Z_400_U2026),file,119223598,1,yes,,raw_html/00137-mth-252-module-item-252-lecture-2-5-to-me5-pdf-integral-calculus-mth-252z-400-u2026.html,text/00137-mth-252-module-item-252-lecture-2-5-to-me5-pdf-integral-calculus-mth-252z-400-u2026.txt,text/00137-mth-252-module-item-252-lecture-2-5-to-me5-pdf-integral-calculus-mth-252z-400-u2026.fulltext.txt,markdown/00137-mth-252-module-item-252-lecture-2-5-to-me5-pdf-integral-calculus-mth-252z-400-u2026.md,,metadata/00137-mth-252-module-item-252-lecture-2-5-to-me5-pdf-integral-calculus-mth-252z-400-u2026.json,65a6d7badae4a2bdd8447a7ecd7b339ee9d5e05aa3d42ef922f852c63b9a6abf,6c35fbced3ee727262015f36306f87e1f66f9cc1c55c23f1d70a61dcb485dac6,2026-07-18T06:14:59.096Z,1,31,4,0,0,0
00138-mth-252-module-item-dr-g-s-videos-2-5-integral-calculus-mth-252z-400-u2026,2080857,MTH-252,module_item,module_item,https://canvas.oregonstate.edu/courses/2080857/modules/items/26982634,https://canvas.oregonstate.edu/courses/2080857/pages/dr-gs-videos-%3E-2-dot-5?module_item_id=26982634,Dr. G's Videos --> 2.5: INTEGRAL CALCULUS (MTH_252Z_400_U2026),page,dr-gs-videos-%3E-2-dot-5,1,yes,,raw_html/00138-mth-252-module-item-dr-g-s-videos-2-5-integral-calculus-mth-252z-400-u2026.html,text/00138-mth-252-module-item-dr-g-s-videos-2-5-integral-calculus-mth-252z-400-u2026.txt,text/00138-mth-252-module-item-dr-g-s-videos-2-5-integral-calculus-mth-252z-400-u2026.fulltext.txt,markdown/00138-mth-252-module-item-dr-g-s-videos-2-5-integral-calculus-mth-252z-400-u2026.md,,metadata/00138-mth-252-module-item-dr-g-s-videos-2-5-integral-calculus-mth-252z-400-u2026.json,0c8e4b18a1a1e37ac4b1952d496ee088318c4f686b88a89f47574907b66e18f6,8fd0f8a8559992291cc95f835981b8238311ed13fc8b221f2a3b1d899659ecad,2026-07-18T06:15:03.394Z,1,33,6,0,0,0
00139-mth-252-module-item-rq-2-5-integral-calculus-mth-252z-400-u2026,2080857,MTH-252,module_item,module_item,https://canvas.oregonstate.edu/courses/2080857/modules/items/26982635,https://canvas.oregonstate.edu/courses/2080857/quizzes/3167668?module_item_id=26982635,RQ-2.5 : INTEGRAL CALCULUS (MTH_252Z_400_U2026),quiz,3167668,1,yes,,raw_html/00139-mth-252-module-item-rq-2-5-integral-calculus-mth-252z-400-u2026.html,text/00139-mth-252-module-item-rq-2-5-integral-calculus-mth-252z-400-u2026.txt,text/00139-mth-252-module-item-rq-2-5-integral-calculus-mth-252z-400-u2026.fulltext.txt,markdown/00139-mth-252-module-item-rq-2-5-integral-calculus-mth-252z-400-u2026.md,,metadata/00139-mth-252-module-item-rq-2-5-integral-calculus-mth-252z-400-u2026.json,59482244eaeaad8617270114edb0a5c9ddd92762866533a4dc3704ca44ae4e5a,f6ceca9529ea72293dc94e2d54ff79ed001f74671b089ba1325e7b8bf8bedaa9,2026-07-18T06:15:06.893Z,1,27,3,0,0,0
00140-mth-252-module-item-module-9-written-homework-whw-9-3-hours,2080857,MTH-252,module_item,module_item,https://canvas.oregonstate.edu/courses/2080857/modules/items/26982636,https://canvas.oregonstate.edu/courses/2080857/assignments/10586062?module_item_id=26982636,Module 9 — Written Homework (WHW 9) 🕓 3 hours,assignment,10586062,1,yes,,raw_html/00140-mth-252-module-item-module-9-written-homework-whw-9-3-hours.html,text/00140-mth-252-module-item-module-9-written-homework-whw-9-3-hours.txt,text/00140-mth-252-module-item-module-9-written-homework-whw-9-3-hours.fulltext.txt,markdown/00140-mth-252-module-item-module-9-written-homework-whw-9-3-hours.md,,metadata/00140-mth-252-module-item-module-9-written-homework-whw-9-3-hours.json,d2f00f6b995f05644096dec6dc020396c00fc80142edf51e76b395c11885a0c7,c9063827fd3fee01b359d98c105bcc9f72bab5644864a4ad6a5689ce33239b1d,2026-07-18T06:15:10.696Z,2,52,3,0,0,0
00141-mth-252-module-item-topic-module-9-discussion-reflection-final-and-exam-prep-0-5-hour,2080857,MTH-252,module_item,module_item,https://canvas.oregonstate.edu/courses/2080857/modules/items/26982637,https://canvas.oregonstate.edu/courses/2080857/discussion_topics/11593467?module_item_id=26982637,Topic: Module 9 — Discussion Reflection: Final and Exam Prep 🕓 0.5 hour,discussion,11593467,1,yes,,raw_html/00141-mth-252-module-item-topic-module-9-discussion-reflection-final-and-exam-prep-0-5-hour.html,text/00141-mth-252-module-item-topic-module-9-discussion-reflection-final-and-exam-prep-0-5-hour.txt,text/00141-mth-252-module-item-topic-module-9-discussion-reflection-final-and-exam-prep-0-5-hour.fulltext.txt,markdown/00141-mth-252-module-item-topic-module-9-discussion-reflection-final-and-exam-prep-0-5-hour.md,,metadata/00141-mth-252-module-item-topic-module-9-discussion-reflection-final-and-exam-prep-0-5-hour.json,287342a20f1055128812da765879d6f43a3fc03f19043bffdd80359799b74969,7a00bacab8f35d6fb67468cd83c3bab20f5323bcaa0c4980895547152c450ffc,2026-07-18T06:15:14.965Z,1,29,3,0,0,0
00142-mth-252-module-item-achieve-2-5-1-physical-applications,2080857,MTH-252,module_item,module_item,https://canvas.oregonstate.edu/courses/2080857/modules/items/26982638,https://canvas.oregonstate.edu/courses/2080857/assignments/10586034?module_item_id=26982638,Achieve - 2.5 - 1 Physical Applications,assignment,10586034,1,yes,yes,raw_html/00142-mth-252-module-item-achieve-2-5-1-physical-applications.html,text/00142-mth-252-module-item-achieve-2-5-1-physical-applications.txt,text/00142-mth-252-module-item-achieve-2-5-1-physical-applications.fulltext.txt,markdown/00142-mth-252-module-item-achieve-2-5-1-physical-applications.md,,metadata/00142-mth-252-module-item-achieve-2-5-1-physical-applications.json,b9034000f4de000c2c8c5533a33c2b83cc70f58b0a73de098978eb97b64c45da,3648081c389fdf4d36a4263c6f3fcf43f3c0f68cd6f2c15861914e6c1100bd82,2026-07-18T06:15:18.551Z,2,52,3,0,0,0
00143-mth-252-module-item-achieve-2-5-2-physical-applications,2080857,MTH-252,module_item,module_item,https://canvas.oregonstate.edu/courses/2080857/modules/items/26982639,https://canvas.oregonstate.edu/courses/2080857/assignments/10586036?module_item_id=26982639,Achieve - 2.5 - 2 Physical Applications,assignment,10586036,1,yes,yes,raw_html/00143-mth-252-module-item-achieve-2-5-2-physical-applications.html,text/00143-mth-252-module-item-achieve-2-5-2-physical-applications.txt,text/00143-mth-252-module-item-achieve-2-5-2-physical-applications.fulltext.txt,markdown/00143-mth-252-module-item-achieve-2-5-2-physical-applications.md,,metadata/00143-mth-252-module-item-achieve-2-5-2-physical-applications.json,7b844ef3bef78f5c8442f0030e6570c32b68d3bf616ae1742e4a946a0bc098f7,531abcf194860c541d1d858ac418dbe75b28cb680607245c0003f4355ca9f4fc,2026-07-18T06:15:21.800Z,2,54,3,0,0,0
00144-mth-252-module-item-mini-exam-retake-sign-up-integral-calculus-mth-252z-400-u2026,2080857,MTH-252,module_item,module_item,https://canvas.oregonstate.edu/courses/2080857/modules/items/26982640,https://canvas.oregonstate.edu/courses/2080857/quizzes/3167661?module_item_id=26982640,Mini-Exam Retake Sign Up: INTEGRAL CALCULUS (MTH_252Z_400_U2026),quiz,3167661,1,yes,,raw_html/00144-mth-252-module-item-mini-exam-retake-sign-up-integral-calculus-mth-252z-400-u2026.html,text/00144-mth-252-module-item-mini-exam-retake-sign-up-integral-calculus-mth-252z-400-u2026.txt,text/00144-mth-252-module-item-mini-exam-retake-sign-up-integral-calculus-mth-252z-400-u2026.fulltext.txt,markdown/00144-mth-252-module-item-mini-exam-retake-sign-up-integral-calculus-mth-252z-400-u2026.md,,metadata/00144-mth-252-module-item-mini-exam-retake-sign-up-integral-calculus-mth-252z-400-u2026.json,e77f71ffa611d1667b9f4c078646ca4ddda616ee3693fd52845bbbdfd7c1d506,17be4aec2e3372ac4330ee99a4c9b4a45f3335c3b136b34915852746de54e59b,2026-07-18T06:15:24.897Z,1,29,3,0,0,0
00145-mth-252-module-item-module-10-overview-integral-calculus-mth-252z-400-u2026,2080857,MTH-252,module_item,module_item,https://canvas.oregonstate.edu/courses/2080857/modules/items/26982641,https://canvas.oregonstate.edu/courses/2080857/pages/module-10-overview?module_item_id=26982641,Module 10 - Overview: INTEGRAL CALCULUS (MTH_252Z_400_U2026),page,module-10-overview,1,yes,,raw_html/00145-mth-252-module-item-module-10-overview-integral-calculus-mth-252z-400-u2026.html,text/00145-mth-252-module-item-module-10-overview-integral-calculus-mth-252z-400-u2026.txt,text/00145-mth-252-module-item-module-10-overview-integral-calculus-mth-252z-400-u2026.fulltext.txt,markdown/00145-mth-252-module-item-module-10-overview-integral-calculus-mth-252z-400-u2026.md,,metadata/00145-mth-252-module-item-module-10-overview-integral-calculus-mth-252z-400-u2026.json,158dced6bbe72ccd3fce48db66a6fa80e55b111e77893f7b1dda6f944b5db8fa,815d1173c7347f850e661cb5bccacb80afd020fbfe1f2dcf3c2224782391fad9,2026-07-18T06:15:28.753Z,4,30,3,0,0,0
00146-mth-252-module-item-module-10-learning-materials-and-practice-activities-3-5-hours-integral-calculus-mth-252z-400-u2,2080857,MTH-252,module_item,module_item,https://canvas.oregonstate.edu/courses/2080857/modules/items/26982643,https://canvas.oregonstate.edu/courses/2080857/pages/module-10-learning-materials-and-practice-activities-3-5-hours-2?module_item_id=26982643,Module 10 — Learning Materials and Practice Activities 🕓 3 - 5 hours: INTEGRAL CALCULUS (MTH_252Z_400_U2026),page,module-10-learning-materials-and-practice-activities-3-5-hours-2,1,yes,,raw_html/00146-mth-252-module-item-module-10-learning-materials-and-practice-activities-3-5-hours-integral-calculus-mth-252z-400-u2.html,text/00146-mth-252-module-item-module-10-learning-materials-and-practice-activities-3-5-hours-integral-calculus-mth-252z-400-u2.txt,text/00146-mth-252-module-item-module-10-learning-materials-and-practice-activities-3-5-hours-integral-calculus-mth-252z-400-u2.fulltext.txt,markdown/00146-mth-252-module-item-module-10-learning-materials-and-practice-activities-3-5-hours-integral-calculus-mth-252z-400-u2.md,,metadata/00146-mth-252-module-item-module-10-learning-materials-and-practice-activities-3-5-hours-integral-calculus-mth-252z-400-u2.json,962bbd98c30aad2a33d71022790db12a3c86ad95717bde4d4e291278ff5f9b9d,9fdf48a79d0e62acf312ea95713a591999eb7b903abbcf22b078cd0d8e5a8c39,2026-07-18T06:15:32.845Z,6,43,3,0,0,0
00147-mth-252-module-item-252-lecture-2-5-to-me5-pdf-integral-calculus-mth-252z-400-u2026,2080857,MTH-252,module_item,module_item,https://canvas.oregonstate.edu/courses/2080857/modules/items/26982644,https://canvas.oregonstate.edu/courses/2080857/files/119223598?module_item_id=26982644,252-Lecture-2.5-to-ME5.pdf: INTEGRAL CALCULUS (MTH_252Z_400_U2026),file,119223598,1,yes,,raw_html/00147-mth-252-module-item-252-lecture-2-5-to-me5-pdf-integral-calculus-mth-252z-400-u2026.html,text/00147-mth-252-module-item-252-lecture-2-5-to-me5-pdf-integral-calculus-mth-252z-400-u2026.txt,text/00147-mth-252-module-item-252-lecture-2-5-to-me5-pdf-integral-calculus-mth-252z-400-u2026.fulltext.txt,markdown/00147-mth-252-module-item-252-lecture-2-5-to-me5-pdf-integral-calculus-mth-252z-400-u2026.md,,metadata/00147-mth-252-module-item-252-lecture-2-5-to-me5-pdf-integral-calculus-mth-252z-400-u2026.json,8f448807bf92b9b2b68b5237733e994a5e98f9bdf4d2c537a5cd178402678a3c,6c35fbced3ee727262015f36306f87e1f66f9cc1c55c23f1d70a61dcb485dac6,2026-07-18T06:15:36.052Z,1,31,4,0,0,0
00148-mth-252-module-item-dr-g-s-videos-3-7-integral-calculus-mth-252z-400-u2026,2080857,MTH-252,module_item,module_item,https://canvas.oregonstate.edu/courses/2080857/modules/items/26982645,https://canvas.oregonstate.edu/courses/2080857/pages/dr-gs-videos-%3E-3-dot-7?module_item_id=26982645,Dr G's Videos --> 3.7: INTEGRAL CALCULUS (MTH_252Z_400_U2026),page,dr-gs-videos-%3E-3-dot-7,1,yes,,raw_html/00148-mth-252-module-item-dr-g-s-videos-3-7-integral-calculus-mth-252z-400-u2026.html,text/00148-mth-252-module-item-dr-g-s-videos-3-7-integral-calculus-mth-252z-400-u2026.txt,text/00148-mth-252-module-item-dr-g-s-videos-3-7-integral-calculus-mth-252z-400-u2026.fulltext.txt,markdown/00148-mth-252-module-item-dr-g-s-videos-3-7-integral-calculus-mth-252z-400-u2026.md,,metadata/00148-mth-252-module-item-dr-g-s-videos-3-7-integral-calculus-mth-252z-400-u2026.json,2388ce0bcc3e37a38d83595ab6db80ab12550914cc805be71e235698cd92e8e4,ff0a076ac2129c4b300fcfcaa6f12d17902687e7376f90cb36123c6bde29c235,2026-07-18T06:15:40.526Z,1,33,5,0,0,0
00149-mth-252-module-item-rq-3-7-integral-calculus-mth-252z-400-u2026,2080857,MTH-252,module_item,module_item,https://canvas.oregonstate.edu/courses/2080857/modules/items/26982646,https://canvas.oregonstate.edu/courses/2080857/quizzes/3167657?module_item_id=26982646,RQ-3.7: INTEGRAL CALCULUS (MTH_252Z_400_U2026),quiz,3167657,1,yes,,raw_html/00149-mth-252-module-item-rq-3-7-integral-calculus-mth-252z-400-u2026.html,text/00149-mth-252-module-item-rq-3-7-integral-calculus-mth-252z-400-u2026.txt,text/00149-mth-252-module-item-rq-3-7-integral-calculus-mth-252z-400-u2026.fulltext.txt,markdown/00149-mth-252-module-item-rq-3-7-integral-calculus-mth-252z-400-u2026.md,,metadata/00149-mth-252-module-item-rq-3-7-integral-calculus-mth-252z-400-u2026.json,e2fdfed426d366236945c26bcfc897b589d203a14c5d148bf4fb079a76de0ff3,996b336dd67cb7d2c794447cbd601d70f249f380af42c9d561ff212cf75ab819,2026-07-18T06:15:45.244Z,1,27,3,0,0,0
00150-mth-252-module-item-reflection-3,2080857,MTH-252,module_item,module_item,https://canvas.oregonstate.edu/courses/2080857/modules/items/26982647,https://canvas.oregonstate.edu/courses/2080857/assignments/10586064?module_item_id=26982647,Reflection 3,assignment,10586064,1,yes,yes,raw_html/00150-mth-252-module-item-reflection-3.html,text/00150-mth-252-module-item-reflection-3.txt,text/00150-mth-252-module-item-reflection-3.fulltext.txt,markdown/00150-mth-252-module-item-reflection-3.md,,metadata/00150-mth-252-module-item-reflection-3.json,661cd43af677482b4d0ef35d972932ce118daa829e22ce20af933d55737279bf,020019787489addf4bd6698a3a7cbd21ef25663c0ad455b2fd558a091f73fa1f,2026-07-18T06:15:49.249Z,2,52,3,0,0,0
00151-mth-252-module-item-achieve-3-7-improper-integrals,2080857,MTH-252,module_item,module_item,https://canvas.oregonstate.edu/courses/2080857/modules/items/26982648,https://canvas.oregonstate.edu/courses/2080857/assignments/10586041?module_item_id=26982648,Achieve - 3.7 Improper Integrals,assignment,10586041,1,yes,yes,raw_html/00151-mth-252-module-item-achieve-3-7-improper-integrals.html,text/00151-mth-252-module-item-achieve-3-7-improper-integrals.txt,text/00151-mth-252-module-item-achieve-3-7-improper-integrals.fulltext.txt,markdown/00151-mth-252-module-item-achieve-3-7-improper-integrals.md,,metadata/00151-mth-252-module-item-achieve-3-7-improper-integrals.json,81b1db90a7d74598e7247bab159418d990e7b877c3c7179f025d17781a4a93b4,9b262d84fd3aec64f95476d7d354bc7e709f786238e6deb969bf2577441bf036,2026-07-18T06:15:53.896Z,2,54,3,0,0,0
00152-mth-252-module-item-module-10-written-homework-whw-10-3-hours,2080857,MTH-252,module_item,module_item,https://canvas.oregonstate.edu/courses/2080857/modules/items/26982649,https://canvas.oregonstate.edu/courses/2080857/assignments/10586054?module_item_id=26982649,Module 10 — Written Homework (WHW 10) 🕓 3 hours,assignment,10586054,1,yes,,raw_html/00152-mth-252-module-item-module-10-written-homework-whw-10-3-hours.html,text/00152-mth-252-module-item-module-10-written-homework-whw-10-3-hours.txt,text/00152-mth-252-module-item-module-10-written-homework-whw-10-3-hours.fulltext.txt,markdown/00152-mth-252-module-item-module-10-written-homework-whw-10-3-hours.md,,metadata/00152-mth-252-module-item-module-10-written-homework-whw-10-3-hours.json,de7cd1d45dc344ac0cd5bf06bea02d6087ecf976fbae9f837e16b37503495521,6dfc122e01e544f3db52b117d162e4c8372bb473d2bc1381cb9f452a3da25f3d,2026-07-18T06:15:58.220Z,2,54,3,0,0,0
00153-mth-252-module-item-final-mini-exam-5-monday-to-wednesday,2080857,MTH-252,module_item,module_item,https://canvas.oregonstate.edu/courses/2080857/modules/items/26982652,https://canvas.oregonstate.edu/courses/2080857/assignments/10586043?module_item_id=26982652,Final Mini-Exam 5 --> Monday to Wednesday,assignment,10586043,1,yes,,raw_html/00153-mth-252-module-item-final-mini-exam-5-monday-to-wednesday.html,text/00153-mth-252-module-item-final-mini-exam-5-monday-to-wednesday.txt,text/00153-mth-252-module-item-final-mini-exam-5-monday-to-wednesday.fulltext.txt,markdown/00153-mth-252-module-item-final-mini-exam-5-monday-to-wednesday.md,,metadata/00153-mth-252-module-item-final-mini-exam-5-monday-to-wednesday.json,11c0966a930d334f5cf0a70df0f51c81e73ee23a2f659891dae0f4dc5dbed316,be5c5507e3ef76397839642feb759b4091df091ba04003b0b879b24726b15846,2026-07-18T06:16:01.949Z,2,54,3,0,0,0
00154-mth-252-module-item-mini-exam-1-retake,2080857,MTH-252,module_item,module_item,https://canvas.oregonstate.edu/courses/2080857/modules/items/26982653,https://canvas.oregonstate.edu/courses/2080857/assignments/10586046?module_item_id=26982653,Mini-Exam 1 - Retake,assignment,10586046,1,yes,,raw_html/00154-mth-252-module-item-mini-exam-1-retake.html,text/00154-mth-252-module-item-mini-exam-1-retake.txt,text/00154-mth-252-module-item-mini-exam-1-retake.fulltext.txt,markdown/00154-mth-252-module-item-mini-exam-1-retake.md,,metadata/00154-mth-252-module-item-mini-exam-1-retake.json,38b45bb04177281ad864c94f00c53577de490e587d3b0ea62256df87bb28b9ee,44a6b42b19657cad0bc5810eaa96a09585575d85ad18b8564911af68b22b86a0,2026-07-18T06:16:05.598Z,2,54,3,0,0,0
00155-mth-252-module-item-mini-exam-2-retake,2080857,MTH-252,module_item,module_item,https://canvas.oregonstate.edu/courses/2080857/modules/items/26982654,https://canvas.oregonstate.edu/courses/2080857/assignments/10586047?module_item_id=26982654,Mini-Exam 2 - Retake,assignment,10586047,1,yes,yes,raw_html/00155-mth-252-module-item-mini-exam-2-retake.html,text/00155-mth-252-module-item-mini-exam-2-retake.txt,text/00155-mth-252-module-item-mini-exam-2-retake.fulltext.txt,markdown/00155-mth-252-module-item-mini-exam-2-retake.md,,metadata/00155-mth-252-module-item-mini-exam-2-retake.json,b1c20639edc036e462f708308dbae2477b9e71b37b68b1212fd986fe70fabddb,fa4aa9d3468c94bd5d7bca308f26c6c1bbce26e2281f14782700ccc04944395c,2026-07-18T06:16:10.509Z,9,62,3,0,0,0
00156-mth-252-module-item-mini-exam-3-retake,2080857,MTH-252,module_item,module_item,https://canvas.oregonstate.edu/courses/2080857/modules/items/26982655,https://canvas.oregonstate.edu/courses/2080857/assignments/10586049?module_item_id=26982655,Mini-Exam 3 - Retake,assignment,10586049,1,yes,yes,raw_html/00156-mth-252-module-item-mini-exam-3-retake.html,text/00156-mth-252-module-item-mini-exam-3-retake.txt,text/00156-mth-252-module-item-mini-exam-3-retake.fulltext.txt,markdown/00156-mth-252-module-item-mini-exam-3-retake.md,,metadata/00156-mth-252-module-item-mini-exam-3-retake.json,1b223a8899ea65b9785839e7ba2efa8a340c3bb52542b85ef2e9a9b8beeee818,c83c87d8ead897c27556374962a18a07ca4a08fd35f6f9327b71939a7fe21c25,2026-07-18T06:16:15.201Z,9,55,3,0,0,0
00157-mth-252-module-item-mini-exam-4-retake,2080857,MTH-252,module_item,module_item,https://canvas.oregonstate.edu/courses/2080857/modules/items/26982656,https://canvas.oregonstate.edu/courses/2080857/assignments/10586051?module_item_id=26982656,Mini-Exam 4 - Retake,assignment,10586051,1,yes,yes,raw_html/00157-mth-252-module-item-mini-exam-4-retake.html,text/00157-mth-252-module-item-mini-exam-4-retake.txt,text/00157-mth-252-module-item-mini-exam-4-retake.fulltext.txt,markdown/00157-mth-252-module-item-mini-exam-4-retake.md,,metadata/00157-mth-252-module-item-mini-exam-4-retake.json,2c876958a6b60c23bc7eeefa69418acabcc6b494abd9cc435394b5404ddf3628,ffe7c61d2bf70e0ac4e6859a3c9b4ac9703c099696a61e00b9bc3ab1803b46c3,2026-07-18T06:16:18.950Z,9,55,3,0,0,0
00158-mth-252-module-item-indefinite-integral-exponential-ibp-twice,2080857,MTH-252,module_item,module_item,https://canvas.oregonstate.edu/courses/2080857/modules/items/26982730,https://canvas.oregonstate.edu/courses/2080857/modules/items/26982730,"Indefinite integral: Exponential, IBP twice",module_item,26982730,1,,yes,raw_html/00158-mth-252-module-item-indefinite-integral-exponential-ibp-twice.html,text/00158-mth-252-module-item-indefinite-integral-exponential-ibp-twice.txt,text/00158-mth-252-module-item-indefinite-integral-exponential-ibp-twice.fulltext.txt,markdown/00158-mth-252-module-item-indefinite-integral-exponential-ibp-twice.md,,metadata/00158-mth-252-module-item-indefinite-integral-exponential-ibp-twice.json,4051693780380e587fe402d4b0b245646fb8499845116bdef31dd36ec2493a42,fdbdc21182a39cdc119bd9dde6b0a15235e9142df09a1ad6776dd66887732e06,2026-07-18T06:16:22.147Z,1,30,4,0,0,0
00159-mth-252-linked-detail-topic-q-a-discussion,2080857,MTH-252,linked_detail,linked_detail,https://canvas.oregonstate.edu/courses/2080857/discussion_topics/11593476,https://canvas.oregonstate.edu/courses/2080857/discussion_topics/11593476,Topic: Q&A Discussion,discussion,11593476,1,,,raw_html/00159-mth-252-linked-detail-topic-q-a-discussion.html,text/00159-mth-252-linked-detail-topic-q-a-discussion.txt,text/00159-mth-252-linked-detail-topic-q-a-discussion.fulltext.txt,markdown/00159-mth-252-linked-detail-topic-q-a-discussion.md,,metadata/00159-mth-252-linked-detail-topic-q-a-discussion.json,71a3decec6217698f8158eed92743de4b1ecb48563497b4763e1287ea7ba7709,e3b0c44298fc1c149afbf4c8996fb92427ae41e4649b934ca495991b7852b855,2026-07-18T06:16:25.846Z,0,27,3,0,0,0
00160-mth-252-linked-detail-topic-module-1-discussion-reflection-whw-1-0-25-hour,2080857,MTH-252,linked_detail,linked_detail,https://canvas.oregonstate.edu/courses/2080857/discussion_topics/11593475,https://canvas.oregonstate.edu/courses/2080857/discussion_topics/11593475,Topic: Module 1 — Discussion Reflection: WHW 1 🕓 0.25 hour,discussion,11593475,1,,,raw_html/00160-mth-252-linked-detail-topic-module-1-discussion-reflection-whw-1-0-25-hour.html,text/00160-mth-252-linked-detail-topic-module-1-discussion-reflection-whw-1-0-25-hour.txt,text/00160-mth-252-linked-detail-topic-module-1-discussion-reflection-whw-1-0-25-hour.fulltext.txt,markdown/00160-mth-252-linked-detail-topic-module-1-discussion-reflection-whw-1-0-25-hour.md,,metadata/00160-mth-252-linked-detail-topic-module-1-discussion-reflection-whw-1-0-25-hour.json,bfb0214868eb7464e5b5dbd0ef56cdcf38f762c5ef530dd7126d38895e5cf14d,e3b0c44298fc1c149afbf4c8996fb92427ae41e4649b934ca495991b7852b855,2026-07-18T06:16:44.451Z,0,27,2,0,0,0
00161-mth-252-linked-detail-topic-module-2-discussion-reflection-0-5-hour,2080857,MTH-252,linked_detail,linked_detail,https://canvas.oregonstate.edu/courses/2080857/discussion_topics/11593474,https://canvas.oregonstate.edu/courses/2080857/discussion_topics/11593474,Topic: Module 2 — Discussion Reflection 🕓 0.5 hour,discussion,11593474,1,,,raw_html/00161-mth-252-linked-detail-topic-module-2-discussion-reflection-0-5-hour.html,text/00161-mth-252-linked-detail-topic-module-2-discussion-reflection-0-5-hour.txt,text/00161-mth-252-linked-detail-topic-module-2-discussion-reflection-0-5-hour.fulltext.txt,markdown/00161-mth-252-linked-detail-topic-module-2-discussion-reflection-0-5-hour.md,,metadata/00161-mth-252-linked-detail-topic-module-2-discussion-reflection-0-5-hour.json,173916c7b7104cd99e9d7a55fd10c9a4be6db4e67a99c41c5db476c391baf5d6,e3b0c44298fc1c149afbf4c8996fb92427ae41e4649b934ca495991b7852b855,2026-07-18T06:16:47.110Z,0,27,2,0,0,0
00162-mth-252-linked-detail-topic-module-3-discussion-reflection-mini-exam-1-0-5-hour,2080857,MTH-252,linked_detail,linked_detail,https://canvas.oregonstate.edu/courses/2080857/discussion_topics/11593473,https://canvas.oregonstate.edu/courses/2080857/discussion_topics/11593473,Topic: Module 3 — Discussion Reflection: Mini-Exam 1 🕓 0.5 hour,discussion,11593473,1,,,raw_html/00162-mth-252-linked-detail-topic-module-3-discussion-reflection-mini-exam-1-0-5-hour.html,text/00162-mth-252-linked-detail-topic-module-3-discussion-reflection-mini-exam-1-0-5-hour.txt,text/00162-mth-252-linked-detail-topic-module-3-discussion-reflection-mini-exam-1-0-5-hour.fulltext.txt,markdown/00162-mth-252-linked-detail-topic-module-3-discussion-reflection-mini-exam-1-0-5-hour.md,,metadata/00162-mth-252-linked-detail-topic-module-3-discussion-reflection-mini-exam-1-0-5-hour.json,0b25de397e6e9f9aa64afd97be2b36d812209bd7dd7574eba92a61f00f8d5780,e3b0c44298fc1c149afbf4c8996fb92427ae41e4649b934ca495991b7852b855,2026-07-18T06:16:52.595Z,0,27,2,0,0,0
00163-mth-252-linked-detail-topic-module-4-discussion-reflection-whw-4-0-5-hour,2080857,MTH-252,linked_detail,linked_detail,https://canvas.oregonstate.edu/courses/2080857/discussion_topics/11593472,https://canvas.oregonstate.edu/courses/2080857/discussion_topics/11593472,Topic: Module 4 — Discussion Reflection: WHW 4 🕓 0.5 hour,discussion,11593472,1,,,raw_html/00163-mth-252-linked-detail-topic-module-4-discussion-reflection-whw-4-0-5-hour.html,text/00163-mth-252-linked-detail-topic-module-4-discussion-reflection-whw-4-0-5-hour.txt,text/00163-mth-252-linked-detail-topic-module-4-discussion-reflection-whw-4-0-5-hour.fulltext.txt,markdown/00163-mth-252-linked-detail-topic-module-4-discussion-reflection-whw-4-0-5-hour.md,,metadata/00163-mth-252-linked-detail-topic-module-4-discussion-reflection-whw-4-0-5-hour.json,73d2f538556ee3e7daa45a21d18d81b43a30ea1cc847b2b59d87cd2c886e2cca,6cad820fe97871fae0bee54b2bf46d15d63b3ab4890ef507164f789627919df6,2026-07-18T06:16:57.998Z,1,29,2,0,0,0
00164-mth-252-linked-detail-topic-module-5-discussion-reflection-mini-exam-2-0-5-hour,2080857,MTH-252,linked_detail,linked_detail,https://canvas.oregonstate.edu/courses/2080857/discussion_topics/11593471,https://canvas.oregonstate.edu/courses/2080857/discussion_topics/11593471,Topic: Module 5 — Discussion Reflection: Mini-Exam 2 🕓 0.5 hour,discussion,11593471,1,,,raw_html/00164-mth-252-linked-detail-topic-module-5-discussion-reflection-mini-exam-2-0-5-hour.html,text/00164-mth-252-linked-detail-topic-module-5-discussion-reflection-mini-exam-2-0-5-hour.txt,text/00164-mth-252-linked-detail-topic-module-5-discussion-reflection-mini-exam-2-0-5-hour.fulltext.txt,markdown/00164-mth-252-linked-detail-topic-module-5-discussion-reflection-mini-exam-2-0-5-hour.md,,metadata/00164-mth-252-linked-detail-topic-module-5-discussion-reflection-mini-exam-2-0-5-hour.json,de34c169321497db8402b0ac019c8dc0a7e415df3234dbee9952831146575453,e3b0c44298fc1c149afbf4c8996fb92427ae41e4649b934ca495991b7852b855,2026-07-18T06:17:00.596Z,0,27,2,0,0,0
00165-mth-252-linked-detail-topic-module-6-discussion-reflection-whw-6-0-5-hour,2080857,MTH-252,linked_detail,linked_detail,https://canvas.oregonstate.edu/courses/2080857/discussion_topics/11593470,https://canvas.oregonstate.edu/courses/2080857/discussion_topics/11593470,Topic: Module 6 — Discussion Reflection: WHW 6 🕓 0.5 hour,discussion,11593470,1,,,raw_html/00165-mth-252-linked-detail-topic-module-6-discussion-reflection-whw-6-0-5-hour.html,text/00165-mth-252-linked-detail-topic-module-6-discussion-reflection-whw-6-0-5-hour.txt,text/00165-mth-252-linked-detail-topic-module-6-discussion-reflection-whw-6-0-5-hour.fulltext.txt,markdown/00165-mth-252-linked-detail-topic-module-6-discussion-reflection-whw-6-0-5-hour.md,,metadata/00165-mth-252-linked-detail-topic-module-6-discussion-reflection-whw-6-0-5-hour.json,990fbd8467f06a72e3be6c1cc234d8cb490f68bbf92347624f511bbfe8b9090b,e3b0c44298fc1c149afbf4c8996fb92427ae41e4649b934ca495991b7852b855,2026-07-18T06:17:03.497Z,0,27,2,0,0,0
00166-mth-252-linked-detail-topic-module-7-discussion-reflection-mini-exam-3-0-5-hour,2080857,MTH-252,linked_detail,linked_detail,https://canvas.oregonstate.edu/courses/2080857/discussion_topics/11593469,https://canvas.oregonstate.edu/courses/2080857/discussion_topics/11593469,Topic: Module 7 — Discussion Reflection: Mini-Exam 3 🕓 0.5 hour,discussion,11593469,1,,,raw_html/00166-mth-252-linked-detail-topic-module-7-discussion-reflection-mini-exam-3-0-5-hour.html,text/00166-mth-252-linked-detail-topic-module-7-discussion-reflection-mini-exam-3-0-5-hour.txt,text/00166-mth-252-linked-detail-topic-module-7-discussion-reflection-mini-exam-3-0-5-hour.fulltext.txt,markdown/00166-mth-252-linked-detail-topic-module-7-discussion-reflection-mini-exam-3-0-5-hour.md,,metadata/00166-mth-252-linked-detail-topic-module-7-discussion-reflection-mini-exam-3-0-5-hour.json,dbc3919a4b9f68128dfaa23f52f4cf64afad3db32bf0f05ae7fe7da51f5260b5,e3b0c44298fc1c149afbf4c8996fb92427ae41e4649b934ca495991b7852b855,2026-07-18T06:17:06.455Z,0,27,2,0,0,0
00167-mth-252-linked-detail-topic-module-8-discussion-reflection-whw-8-0-5-hour,2080857,MTH-252,linked_detail,linked_detail,https://canvas.oregonstate.edu/courses/2080857/discussion_topics/11593468,https://canvas.oregonstate.edu/courses/2080857/discussion_topics/11593468,Topic: Module 8 — Discussion Reflection: WHW 8 🕓 0.5 hour,discussion,11593468,1,,,raw_html/00167-mth-252-linked-detail-topic-module-8-discussion-reflection-whw-8-0-5-hour.html,text/00167-mth-252-linked-detail-topic-module-8-discussion-reflection-whw-8-0-5-hour.txt,text/00167-mth-252-linked-detail-topic-module-8-discussion-reflection-whw-8-0-5-hour.fulltext.txt,markdown/00167-mth-252-linked-detail-topic-module-8-discussion-reflection-whw-8-0-5-hour.md,,metadata/00167-mth-252-linked-detail-topic-module-8-discussion-reflection-whw-8-0-5-hour.json,9ad08e1b08e06eb4ef002b1e6533794758569d266c278381f0f5cc6c2f5ffc19,e3b0c44298fc1c149afbf4c8996fb92427ae41e4649b934ca495991b7852b855,2026-07-18T06:17:09.298Z,0,27,2,0,0,0
00168-mth-252-linked-detail-topic-module-9-discussion-reflection-final-and-exam-prep-0-5-hour,2080857,MTH-252,linked_detail,linked_detail,https://canvas.oregonstate.edu/courses/2080857/discussion_topics/11593467,https://canvas.oregonstate.edu/courses/2080857/discussion_topics/11593467,Topic: Module 9 — Discussion Reflection: Final and Exam Prep 🕓 0.5 hour,discussion,11593467,1,,,raw_html/00168-mth-252-linked-detail-topic-module-9-discussion-reflection-final-and-exam-prep-0-5-hour.html,text/00168-mth-252-linked-detail-topic-module-9-discussion-reflection-final-and-exam-prep-0-5-hour.txt,text/00168-mth-252-linked-detail-topic-module-9-discussion-reflection-final-and-exam-prep-0-5-hour.fulltext.txt,markdown/00168-mth-252-linked-detail-topic-module-9-discussion-reflection-final-and-exam-prep-0-5-hour.md,,metadata/00168-mth-252-linked-detail-topic-module-9-discussion-reflection-final-and-exam-prep-0-5-hour.json,cd2cf187b8b6c9802acb01a2adb82509078fcf621fa929ef5e0f41900b53cbf3,e3b0c44298fc1c149afbf4c8996fb92427ae41e4649b934ca495991b7852b855,2026-07-18T06:17:11.944Z,0,27,2,0,0,0
00169-mth-253-module-item-start-here-overview-sequences-and-series-mth-253z-400-u2026,2053263,MTH-253,module_item,module_item,https://canvas.oregonstate.edu/courses/2053263/modules/items/26885519,https://canvas.oregonstate.edu/courses/2053263/pages/start-here-overview?module_item_id=26885519,Start Here - Overview: SEQUENCES AND SERIES (MTH_253Z_400_U2026),page,start-here-overview,1,yes,,raw_html/00169-mth-253-module-item-start-here-overview-sequences-and-series-mth-253z-400-u2026.html,text/00169-mth-253-module-item-start-here-overview-sequences-and-series-mth-253z-400-u2026.txt,text/00169-mth-253-module-item-start-here-overview-sequences-and-series-mth-253z-400-u2026.fulltext.txt,markdown/00169-mth-253-module-item-start-here-overview-sequences-and-series-mth-253z-400-u2026.md,,metadata/00169-mth-253-module-item-start-here-overview-sequences-and-series-mth-253z-400-u2026.json,0316371fff3cc55dec7131807c624bf1a0aac01a4cef54a2baca88d9ceb58af1,ab2686b95f4654685805015a2d6d997b79888ebd4e239ca0f1015cf4952d38ad,2026-07-18T06:17:15.149Z,1,30,2,0,0,0
00170-mth-253-module-item-start-here-syllabus-sequences-and-series-mth-253z-400-u2026,2053263,MTH-253,module_item,module_item,https://canvas.oregonstate.edu/courses/2053263/modules/items/26885520,https://canvas.oregonstate.edu/courses/2053263/pages/start-here-syllabus?module_item_id=26885520,Start Here - Syllabus: SEQUENCES AND SERIES (MTH_253Z_400_U2026),page,start-here-syllabus,1,yes,,raw_html/00170-mth-253-module-item-start-here-syllabus-sequences-and-series-mth-253z-400-u2026.html,text/00170-mth-253-module-item-start-here-syllabus-sequences-and-series-mth-253z-400-u2026.txt,text/00170-mth-253-module-item-start-here-syllabus-sequences-and-series-mth-253z-400-u2026.fulltext.txt,markdown/00170-mth-253-module-item-start-here-syllabus-sequences-and-series-mth-253z-400-u2026.md,,metadata/00170-mth-253-module-item-start-here-syllabus-sequences-and-series-mth-253z-400-u2026.json,fd0c5e8ea55131ee9708d10bcd634fc167506505b88d1424b17e4ca8e3ba7dae,a8ea58c51f6fb2aaaa26dfcb85670f4cd87a5d1108728f5a4b5c68f509e1d238,2026-07-18T06:17:17.751Z,1,41,2,0,0,0
00171-mth-253-module-item-get-your-mth-253z-course-materials-access-code-ebook-sequences-and-series-mth-253z-400-u2026,2053263,MTH-253,module_item,module_item,https://canvas.oregonstate.edu/courses/2053263/modules/items/26885521,https://canvas.oregonstate.edu/courses/2053263/pages/get-your-mth-253z-course-materials-access-code-+-ebook-2?module_item_id=26885521,Get your MTH 253Z Course Materials! (Access Code + Ebook) : SEQUENCES AND SERIES (MTH_253Z_400_U2026),page,get-your-mth-253z-course-materials-access-code-+-ebook-2,1,yes,,raw_html/00171-mth-253-module-item-get-your-mth-253z-course-materials-access-code-ebook-sequences-and-series-mth-253z-400-u2026.html,text/00171-mth-253-module-item-get-your-mth-253z-course-materials-access-code-ebook-sequences-and-series-mth-253z-400-u2026.txt,text/00171-mth-253-module-item-get-your-mth-253z-course-materials-access-code-ebook-sequences-and-series-mth-253z-400-u2026.fulltext.txt,markdown/00171-mth-253-module-item-get-your-mth-253z-course-materials-access-code-ebook-sequences-and-series-mth-253z-400-u2026.md,,metadata/00171-mth-253-module-item-get-your-mth-253z-course-materials-access-code-ebook-sequences-and-series-mth-253z-400-u2026.json,e7929f7888ce8355028092f59c4bb3ce4ddffeb1a5180e11b7396d009c380005,31dba0f41236de74bd2ae6ab8677a5ab1c998d4876f45b0bfc85312006e11e5d,2026-07-18T06:17:20.198Z,1,32,2,0,0,0
00172-mth-253-module-item-start-here-instructor-information-communication-policy-sequences-and-series-mth-253z-400-u2026,2053263,MTH-253,module_item,module_item,https://canvas.oregonstate.edu/courses/2053263/modules/items/26885522,https://canvas.oregonstate.edu/courses/2053263/pages/start-here-instructor-information-and-communication-policy?module_item_id=26885522,Start Here - Instructor Information & Communication Policy: SEQUENCES AND SERIES (MTH_253Z_400_U2026),page,start-here-instructor-information-and-communication-policy,1,yes,,raw_html/00172-mth-253-module-item-start-here-instructor-information-communication-policy-sequences-and-series-mth-253z-400-u2026.html,text/00172-mth-253-module-item-start-here-instructor-information-communication-policy-sequences-and-series-mth-253z-400-u2026.txt,text/00172-mth-253-module-item-start-here-instructor-information-communication-policy-sequences-and-series-mth-253z-400-u2026.fulltext.txt,markdown/00172-mth-253-module-item-start-here-instructor-information-communication-policy-sequences-and-series-mth-253z-400-u2026.md,,metadata/00172-mth-253-module-item-start-here-instructor-information-communication-policy-sequences-and-series-mth-253z-400-u2026.json,f92743c478d3a81c0c93926247e05e0bf764e968c5a6178f1cc857ffe7d2f845,e3f9487bcb038480cb7c16269d66ad993ae1c3aa5bf87d7119523de5ef8011ce,2026-07-18T06:17:22.851Z,3,34,2,0,0,0
00173-mth-253-module-item-start-here-on-the-use-of-ai-and-academic-honesty-sequences-and-series-mth-253z-400-u2026,2053263,MTH-253,module_item,module_item,https://canvas.oregonstate.edu/courses/2053263/modules/items/26977675,https://canvas.oregonstate.edu/courses/2053263/pages/start-here-on-the-use-of-ai-and-academic-honesty?module_item_id=26977675,Start Here: On the use of AI and academic honesty: SEQUENCES AND SERIES (MTH_253Z_400_U2026),page,start-here-on-the-use-of-ai-and-academic-honesty,1,yes,,raw_html/00173-mth-253-module-item-start-here-on-the-use-of-ai-and-academic-honesty-sequences-and-series-mth-253z-400-u2026.html,text/00173-mth-253-module-item-start-here-on-the-use-of-ai-and-academic-honesty-sequences-and-series-mth-253z-400-u2026.txt,text/00173-mth-253-module-item-start-here-on-the-use-of-ai-and-academic-honesty-sequences-and-series-mth-253z-400-u2026.fulltext.txt,markdown/00173-mth-253-module-item-start-here-on-the-use-of-ai-and-academic-honesty-sequences-and-series-mth-253z-400-u2026.md,,metadata/00173-mth-253-module-item-start-here-on-the-use-of-ai-and-academic-honesty-sequences-and-series-mth-253z-400-u2026.json,e556947f4450eb2df39084a14e80fb09237c3778b62344980cf216914bd7a168,2a61cfdb4a411deb949f56109be2350bddc80e7a502668e884597128041a63bb,2026-07-18T06:17:26.996Z,7,31,2,0,0,0
00174-mth-253-module-item-start-here-where-to-go-for-help-sequences-and-series-mth-253z-400-u2026,2053263,MTH-253,module_item,module_item,https://canvas.oregonstate.edu/courses/2053263/modules/items/26885523,https://canvas.oregonstate.edu/courses/2053263/pages/start-here-where-to-go-for-help?module_item_id=26885523,Start Here - Where to go for help?: SEQUENCES AND SERIES (MTH_253Z_400_U2026),page,start-here-where-to-go-for-help,1,yes,,raw_html/00174-mth-253-module-item-start-here-where-to-go-for-help-sequences-and-series-mth-253z-400-u2026.html,text/00174-mth-253-module-item-start-here-where-to-go-for-help-sequences-and-series-mth-253z-400-u2026.txt,text/00174-mth-253-module-item-start-here-where-to-go-for-help-sequences-and-series-mth-253z-400-u2026.fulltext.txt,markdown/00174-mth-253-module-item-start-here-where-to-go-for-help-sequences-and-series-mth-253z-400-u2026.md,,metadata/00174-mth-253-module-item-start-here-where-to-go-for-help-sequences-and-series-mth-253z-400-u2026.json,c3e6052d77dfe4ec3e2f17270bb675d64339a33cfbd382bb602261c4f9b94e82,6c97050affd8c9a9f7eef3e107e9e94042cbf8211913f52130dcffc41af83ed0,2026-07-18T06:17:30.417Z,2,33,2,0,0,0
00175-mth-253-module-item-topic-general-q-a-discussion,2053263,MTH-253,module_item,module_item,https://canvas.oregonstate.edu/courses/2053263/modules/items/26885524,https://canvas.oregonstate.edu/courses/2053263/discussion_topics/11558499?module_item_id=26885524,Topic: General Q&A Discussion,discussion,11558499,1,yes,,raw_html/00175-mth-253-module-item-topic-general-q-a-discussion.html,text/00175-mth-253-module-item-topic-general-q-a-discussion.txt,text/00175-mth-253-module-item-topic-general-q-a-discussion.fulltext.txt,markdown/00175-mth-253-module-item-topic-general-q-a-discussion.md,,metadata/00175-mth-253-module-item-topic-general-q-a-discussion.json,8250ac2003e8962d00743ed0b72d094dd644751b7fc0f03ac91dd6cca4631263,5084db1d051d70a39c657a22e4a32fb48331310d7f1a681eaffa37c1709d4a8b,2026-07-18T06:17:34.198Z,1,30,2,0,0,0
00176-mth-253-module-item-start-here-accessibility-statements-privacy-policies-sequences-and-series-mth-253z-400-u2026,2053263,MTH-253,module_item,module_item,https://canvas.oregonstate.edu/courses/2053263/modules/items/26885525,https://canvas.oregonstate.edu/courses/2053263/pages/start-here-accessibility-statements-and-privacy-policies?module_item_id=26885525,Start Here - Accessibility Statements & Privacy Policies: SEQUENCES AND SERIES (MTH_253Z_400_U2026),page,start-here-accessibility-statements-and-privacy-policies,1,yes,,raw_html/00176-mth-253-module-item-start-here-accessibility-statements-privacy-policies-sequences-and-series-mth-253z-400-u2026.html,text/00176-mth-253-module-item-start-here-accessibility-statements-privacy-policies-sequences-and-series-mth-253z-400-u2026.txt,text/00176-mth-253-module-item-start-here-accessibility-statements-privacy-policies-sequences-and-series-mth-253z-400-u2026.fulltext.txt,markdown/00176-mth-253-module-item-start-here-accessibility-statements-privacy-policies-sequences-and-series-mth-253z-400-u2026.md,,metadata/00176-mth-253-module-item-start-here-accessibility-statements-privacy-policies-sequences-and-series-mth-253z-400-u2026.json,f244ba47dfd97ceccf5d53602180506fe45628eeb5d7fe7ee7aa44b55957f9ca,aa84cf9b69cb06f2663476125771229e8b9f8ec4aafa22fc01fd4cb9df9ba881,2026-07-18T06:17:37.503Z,3,34,2,0,0,0
00177-mth-253-module-item-start-here-sources-cited-sequences-and-series-mth-253z-400-u2026,2053263,MTH-253,module_item,module_item,https://canvas.oregonstate.edu/courses/2053263/modules/items/26885526,https://canvas.oregonstate.edu/courses/2053263/pages/start-here-sources-cited?module_item_id=26885526,Start Here - Sources Cited: SEQUENCES AND SERIES (MTH_253Z_400_U2026),page,start-here-sources-cited,1,yes,,raw_html/00177-mth-253-module-item-start-here-sources-cited-sequences-and-series-mth-253z-400-u2026.html,text/00177-mth-253-module-item-start-here-sources-cited-sequences-and-series-mth-253z-400-u2026.txt,text/00177-mth-253-module-item-start-here-sources-cited-sequences-and-series-mth-253z-400-u2026.fulltext.txt,markdown/00177-mth-253-module-item-start-here-sources-cited-sequences-and-series-mth-253z-400-u2026.md,,metadata/00177-mth-253-module-item-start-here-sources-cited-sequences-and-series-mth-253z-400-u2026.json,8fa1fa6f08dc811f1c921413be95b53a85032490350a33c0811b949e2625ca3d,2ba77737cd35a0bef6bd94297de6650a935c804f27b7593f812681d5b4326893,2026-07-18T06:17:40.395Z,2,31,2,0,0,0
00178-mth-253-module-item-practice-quiz-take-it-before-attempting-quiz-1-sequences-and-series-mth-253z-400-u2026,2053263,MTH-253,module_item,module_item,https://canvas.oregonstate.edu/courses/2053263/modules/items/26982050,https://canvas.oregonstate.edu/courses/2053263/quizzes/3166971?module_item_id=26982050,Practice Quiz (take it before attempting Quiz 1!): SEQUENCES AND SERIES (MTH_253Z_400_U2026),quiz,3166971,1,yes,,raw_html/00178-mth-253-module-item-practice-quiz-take-it-before-attempting-quiz-1-sequences-and-series-mth-253z-400-u2026.html,text/00178-mth-253-module-item-practice-quiz-take-it-before-attempting-quiz-1-sequences-and-series-mth-253z-400-u2026.txt,text/00178-mth-253-module-item-practice-quiz-take-it-before-attempting-quiz-1-sequences-and-series-mth-253z-400-u2026.fulltext.txt,markdown/00178-mth-253-module-item-practice-quiz-take-it-before-attempting-quiz-1-sequences-and-series-mth-253z-400-u2026.md,,metadata/00178-mth-253-module-item-practice-quiz-take-it-before-attempting-quiz-1-sequences-and-series-mth-253z-400-u2026.json,7df4b17994dc5a021e98e670ff04b91a138d1c289a7d8a9fa1c24603c583ca55,7c9e0cc3dc62470ded3936c300d3c22b5018377015b1f123b5ccf55232d30078,2026-07-18T06:17:43.649Z,5,41,2,0,0,0
00179-mth-253-module-item-start-here-conclusion-sequences-and-series-mth-253z-400-u2026,2053263,MTH-253,module_item,module_item,https://canvas.oregonstate.edu/courses/2053263/modules/items/26885527,https://canvas.oregonstate.edu/courses/2053263/pages/start-here-conclusion?module_item_id=26885527,Start Here - Conclusion: SEQUENCES AND SERIES (MTH_253Z_400_U2026),page,start-here-conclusion,1,yes,,raw_html/00179-mth-253-module-item-start-here-conclusion-sequences-and-series-mth-253z-400-u2026.html,text/00179-mth-253-module-item-start-here-conclusion-sequences-and-series-mth-253z-400-u2026.txt,text/00179-mth-253-module-item-start-here-conclusion-sequences-and-series-mth-253z-400-u2026.fulltext.txt,markdown/00179-mth-253-module-item-start-here-conclusion-sequences-and-series-mth-253z-400-u2026.md,,metadata/00179-mth-253-module-item-start-here-conclusion-sequences-and-series-mth-253z-400-u2026.json,f020a26cbd6dc589ab80698676b809da6a06df4a8c7cac0ae429401e6ee0663f,cccf9c5a9d0a0cbcb3326bdd4bca127bbc5bd7ccfb26ae3e8e39aa09dea5adeb,2026-07-18T06:17:47.651Z,1,31,2,0,0,0
00180-mth-253-module-item-unit-1-overview-sequences-and-series-mth-253z-400-u2026,2053263,MTH-253,module_item,module_item,https://canvas.oregonstate.edu/courses/2053263/modules/items/26885529,https://canvas.oregonstate.edu/courses/2053263/pages/unit-1-overview?module_item_id=26885529,Unit 1 - Overview: SEQUENCES AND SERIES (MTH_253Z_400_U2026),page,unit-1-overview,1,yes,,raw_html/00180-mth-253-module-item-unit-1-overview-sequences-and-series-mth-253z-400-u2026.html,text/00180-mth-253-module-item-unit-1-overview-sequences-and-series-mth-253z-400-u2026.txt,text/00180-mth-253-module-item-unit-1-overview-sequences-and-series-mth-253z-400-u2026.fulltext.txt,markdown/00180-mth-253-module-item-unit-1-overview-sequences-and-series-mth-253z-400-u2026.md,,metadata/00180-mth-253-module-item-unit-1-overview-sequences-and-series-mth-253z-400-u2026.json,dcfe96fac8b46e4dec0b5919d3a7d878ab0da27c4d6435dbaff5a4ac412881ff,adaf906ddb8020edb88ef861d894b13137e479ae60311f6d64da8ee6aab6e062,2026-07-18T06:17:53.003Z,4,43,2,0,0,0
00181-mth-253-module-item-unit-1-learning-materials-sequences-and-series-mth-253z-400-u2026,2053263,MTH-253,module_item,module_item,https://canvas.oregonstate.edu/courses/2053263/modules/items/26885530,https://canvas.oregonstate.edu/courses/2053263/pages/unit-1-learning-materials?module_item_id=26885530,Unit 1 - Learning Materials: SEQUENCES AND SERIES (MTH_253Z_400_U2026),page,unit-1-learning-materials,1,yes,yes,raw_html/00181-mth-253-module-item-unit-1-learning-materials-sequences-and-series-mth-253z-400-u2026.html,text/00181-mth-253-module-item-unit-1-learning-materials-sequences-and-series-mth-253z-400-u2026.txt,text/00181-mth-253-module-item-unit-1-learning-materials-sequences-and-series-mth-253z-400-u2026.fulltext.txt,markdown/00181-mth-253-module-item-unit-1-learning-materials-sequences-and-series-mth-253z-400-u2026.md,,metadata/00181-mth-253-module-item-unit-1-learning-materials-sequences-and-series-mth-253z-400-u2026.json,69f2a5c7570ba823b61be6ae3245b0ce5e2eaaaa88f1c1ba4b0f62e1a6fdf5d9,d3dc39b057f8da3ad914a02e9dcdbdd366a037657603c48f2046dfe57f1a82b2,2026-07-18T06:17:56.853Z,4,46,9,0,0,0
00182-mth-253-module-item-topic-unit-1-q-a-discussion-board-optional,2053263,MTH-253,module_item,module_item,https://canvas.oregonstate.edu/courses/2053263/modules/items/26885531,https://canvas.oregonstate.edu/courses/2053263/discussion_topics/11558490?module_item_id=26885531,Topic: Unit 1 - Q&A Discussion Board (Optional),discussion,11558490,1,yes,,raw_html/00182-mth-253-module-item-topic-unit-1-q-a-discussion-board-optional.html,text/00182-mth-253-module-item-topic-unit-1-q-a-discussion-board-optional.txt,text/00182-mth-253-module-item-topic-unit-1-q-a-discussion-board-optional.fulltext.txt,markdown/00182-mth-253-module-item-topic-unit-1-q-a-discussion-board-optional.md,,metadata/00182-mth-253-module-item-topic-unit-1-q-a-discussion-board-optional.json,b16276f3c6a1a2f0450008f60bce979675a484cefaa1428ed2f0bc5407b0aaf3,8cd4be1a39a1b5a0ffcb7e1272211c68a4a54954184e4b541cb3d83dc486cc3a,2026-07-18T06:18:02.268Z,7,35,2,0,0,0
00183-mth-253-module-item-topic-unit-1-discussion-board-submitted-in-week-1-required,2053263,MTH-253,module_item,module_item,https://canvas.oregonstate.edu/courses/2053263/modules/items/26885532,https://canvas.oregonstate.edu/courses/2053263/discussion_topics/11558498?module_item_id=26885532,Topic: Unit 1 Discussion Board - Submitted in Week 1 (Required),discussion,11558498,1,yes,,raw_html/00183-mth-253-module-item-topic-unit-1-discussion-board-submitted-in-week-1-required.html,text/00183-mth-253-module-item-topic-unit-1-discussion-board-submitted-in-week-1-required.txt,text/00183-mth-253-module-item-topic-unit-1-discussion-board-submitted-in-week-1-required.fulltext.txt,markdown/00183-mth-253-module-item-topic-unit-1-discussion-board-submitted-in-week-1-required.md,,metadata/00183-mth-253-module-item-topic-unit-1-discussion-board-submitted-in-week-1-required.json,84f21998167f8de0d1fd9a4a000e5e2f4d99ad1d58d6e4bb628dc9cf150d53b6,0226639ff72d78f73f430b5d4cba48ea5ab3b9cfc9d4af7c065a9b483e39e5d8,2026-07-18T06:18:05.550Z,0,32,2,0,0,0
00184-mth-253-module-item-unit-1-written-homework-assignment,2053263,MTH-253,module_item,module_item,https://canvas.oregonstate.edu/courses/2053263/modules/items/26885537,https://canvas.oregonstate.edu/courses/2053263/assignments/10553179?module_item_id=26885537,Unit 1 - Written Homework Assignment,assignment,10553179,1,yes,,raw_html/00184-mth-253-module-item-unit-1-written-homework-assignment.html,text/00184-mth-253-module-item-unit-1-written-homework-assignment.txt,text/00184-mth-253-module-item-unit-1-written-homework-assignment.fulltext.txt,markdown/00184-mth-253-module-item-unit-1-written-homework-assignment.md,,metadata/00184-mth-253-module-item-unit-1-written-homework-assignment.json,51ad114f2e68fe878eb0858bb2cf2e455e6782f9a0c4bd9b184d003911732a29,eb378b23385f3656f48daf46ef81ec71e98f5e579a5fabefd705f4713033111c,2026-07-18T06:18:11.461Z,6,58,2,0,0,0
00185-mth-253-module-item-week-1-web-homework-infinity-and-limits-indeterminates-improper-integrals,2053263,MTH-253,module_item,module_item,https://canvas.oregonstate.edu/courses/2053263/modules/items/26977416,https://canvas.oregonstate.edu/courses/2053263/assignments/10584258?module_item_id=26977416,"Week 1 Web Homework: Infinity and Limits, Indeterminates, Improper Integrals",assignment,10584258,1,yes,yes,raw_html/00185-mth-253-module-item-week-1-web-homework-infinity-and-limits-indeterminates-improper-integrals.html,text/00185-mth-253-module-item-week-1-web-homework-infinity-and-limits-indeterminates-improper-integrals.txt,text/00185-mth-253-module-item-week-1-web-homework-infinity-and-limits-indeterminates-improper-integrals.fulltext.txt,markdown/00185-mth-253-module-item-week-1-web-homework-infinity-and-limits-indeterminates-improper-integrals.md,,metadata/00185-mth-253-module-item-week-1-web-homework-infinity-and-limits-indeterminates-improper-integrals.json,11362d7bdcd9518782c7e87af2b2b670d0e3b7beba46b23fd90b714dedc12f5e,b54137f771eaf47c35f070b53cd6fbc379144cd3ba90e27bc0f9bf16a3d84d47,2026-07-18T06:18:14.505Z,2,58,2,0,0,0
00186-mth-253-module-item-unit-1-quiz-sequences-and-series-mth-253z-400-u2026,2053263,MTH-253,module_item,module_item,https://canvas.oregonstate.edu/courses/2053263/modules/items/26885539,https://canvas.oregonstate.edu/courses/2053263/quizzes/3159593?module_item_id=26885539,Unit 1 Quiz: SEQUENCES AND SERIES (MTH_253Z_400_U2026),quiz,3159593,1,yes,,raw_html/00186-mth-253-module-item-unit-1-quiz-sequences-and-series-mth-253z-400-u2026.html,text/00186-mth-253-module-item-unit-1-quiz-sequences-and-series-mth-253z-400-u2026.txt,text/00186-mth-253-module-item-unit-1-quiz-sequences-and-series-mth-253z-400-u2026.fulltext.txt,markdown/00186-mth-253-module-item-unit-1-quiz-sequences-and-series-mth-253z-400-u2026.md,,metadata/00186-mth-253-module-item-unit-1-quiz-sequences-and-series-mth-253z-400-u2026.json,e32bc10fe5c4d9a8aebbcde03f37d33d23d74331afc341022794e16154e5efd6,85b05267553f640d8afaed9e07407a91a2287d4cd13c134dd4fbaa8d95f3f76e,2026-07-18T06:18:17.164Z,5,30,2,0,0,0
00187-mth-253-module-item-unit-1-conclusion-sequences-and-series-mth-253z-400-u2026,2053263,MTH-253,module_item,module_item,https://canvas.oregonstate.edu/courses/2053263/modules/items/26885541,https://canvas.oregonstate.edu/courses/2053263/pages/unit-1-conclusion?module_item_id=26885541,Unit 1 - Conclusion: SEQUENCES AND SERIES (MTH_253Z_400_U2026),page,unit-1-conclusion,1,yes,,raw_html/00187-mth-253-module-item-unit-1-conclusion-sequences-and-series-mth-253z-400-u2026.html,text/00187-mth-253-module-item-unit-1-conclusion-sequences-and-series-mth-253z-400-u2026.txt,text/00187-mth-253-module-item-unit-1-conclusion-sequences-and-series-mth-253z-400-u2026.fulltext.txt,markdown/00187-mth-253-module-item-unit-1-conclusion-sequences-and-series-mth-253z-400-u2026.md,,metadata/00187-mth-253-module-item-unit-1-conclusion-sequences-and-series-mth-253z-400-u2026.json,e2becc78d0c7267d0e7f2e6c0815d696fac4fc8c638124191d9535ff6ab3dcf9,d637856b915dfa40953709c770562ed467ce08805333d9d84e21339980ddd2c7,2026-07-18T06:18:19.753Z,1,33,2,0,0,0
00188-mth-253-module-item-unit-2-overview-sequences-and-series-mth-253z-400-u2026,2053263,MTH-253,module_item,module_item,https://canvas.oregonstate.edu/courses/2053263/modules/items/26885542,https://canvas.oregonstate.edu/courses/2053263/pages/unit-2-overview?module_item_id=26885542,Unit 2 - Overview: SEQUENCES AND SERIES (MTH_253Z_400_U2026),page,unit-2-overview,1,yes,,raw_html/00188-mth-253-module-item-unit-2-overview-sequences-and-series-mth-253z-400-u2026.html,text/00188-mth-253-module-item-unit-2-overview-sequences-and-series-mth-253z-400-u2026.txt,text/00188-mth-253-module-item-unit-2-overview-sequences-and-series-mth-253z-400-u2026.fulltext.txt,markdown/00188-mth-253-module-item-unit-2-overview-sequences-and-series-mth-253z-400-u2026.md,,metadata/00188-mth-253-module-item-unit-2-overview-sequences-and-series-mth-253z-400-u2026.json,01bd69a99937edcb35da098814b67aa8a7b679464aca7b6221c515b5b70e55e8,78a9f79754de00004a848d6c907b18cb41afe6c98e3a27ecb0239070a8ad37e5,2026-07-18T06:18:22.746Z,4,39,2,0,0,0
00189-mth-253-module-item-unit-2-learning-materials-sequences-and-series-mth-253z-400-u2026,2053263,MTH-253,module_item,module_item,https://canvas.oregonstate.edu/courses/2053263/modules/items/26885543,https://canvas.oregonstate.edu/courses/2053263/pages/unit-2-learning-materials?module_item_id=26885543,Unit 2 - Learning Materials: SEQUENCES AND SERIES (MTH_253Z_400_U2026),page,unit-2-learning-materials,1,yes,yes,raw_html/00189-mth-253-module-item-unit-2-learning-materials-sequences-and-series-mth-253z-400-u2026.html,text/00189-mth-253-module-item-unit-2-learning-materials-sequences-and-series-mth-253z-400-u2026.txt,text/00189-mth-253-module-item-unit-2-learning-materials-sequences-and-series-mth-253z-400-u2026.fulltext.txt,markdown/00189-mth-253-module-item-unit-2-learning-materials-sequences-and-series-mth-253z-400-u2026.md,,metadata/00189-mth-253-module-item-unit-2-learning-materials-sequences-and-series-mth-253z-400-u2026.json,f78413f92af8ab2d630e4d4aad9686b58c7e1fc0005cb42d8fb7d8506cccbf18,b290eccf5c449ac8e9e2639b5f7c5c9eaf41b0c954094de449d88db01aa55480,2026-07-18T06:18:25.485Z,4,56,13,0,0,0
00190-mth-253-module-item-topic-unit-2-q-a-discussion-board-optional,2053263,MTH-253,module_item,module_item,https://canvas.oregonstate.edu/courses/2053263/modules/items/26885544,https://canvas.oregonstate.edu/courses/2053263/discussion_topics/11558491?module_item_id=26885544,Topic: Unit 2 - Q&A Discussion Board (Optional),discussion,11558491,1,yes,,raw_html/00190-mth-253-module-item-topic-unit-2-q-a-discussion-board-optional.html,text/00190-mth-253-module-item-topic-unit-2-q-a-discussion-board-optional.txt,text/00190-mth-253-module-item-topic-unit-2-q-a-discussion-board-optional.fulltext.txt,markdown/00190-mth-253-module-item-topic-unit-2-q-a-discussion-board-optional.md,,metadata/00190-mth-253-module-item-topic-unit-2-q-a-discussion-board-optional.json,3d82e33fd082db441e6535e8519a91d8c90ecc9c857990569de097ebd7a0c800,e3b0c44298fc1c149afbf4c8996fb92427ae41e4649b934ca495991b7852b855,2026-07-18T06:18:29.343Z,0,30,2,0,0,0
00191-mth-253-module-item-week-2-web-homework-sequences,2053263,MTH-253,module_item,module_item,https://canvas.oregonstate.edu/courses/2053263/modules/items/26977767,https://canvas.oregonstate.edu/courses/2053263/assignments/10584372?module_item_id=26977767,Week 2 Web Homework: Sequences,assignment,10584372,1,yes,yes,raw_html/00191-mth-253-module-item-week-2-web-homework-sequences.html,text/00191-mth-253-module-item-week-2-web-homework-sequences.txt,text/00191-mth-253-module-item-week-2-web-homework-sequences.fulltext.txt,markdown/00191-mth-253-module-item-week-2-web-homework-sequences.md,,metadata/00191-mth-253-module-item-week-2-web-homework-sequences.json,852088467c826ec6d8afa003e1f7645d5dfbb038a5ebcbe073cf2f5886ea9e96,0930eb885b475c95a79e6d0144bbccbcc777eb332697731ebef165315b334c21,2026-07-18T06:18:32.393Z,2,56,2,0,0,0
00192-mth-253-module-item-unit-2-written-homework-assignment,2053263,MTH-253,module_item,module_item,https://canvas.oregonstate.edu/courses/2053263/modules/items/26885550,https://canvas.oregonstate.edu/courses/2053263/assignments/10553180?module_item_id=26885550,Unit 2 - Written Homework Assignment,assignment,10553180,1,yes,,raw_html/00192-mth-253-module-item-unit-2-written-homework-assignment.html,text/00192-mth-253-module-item-unit-2-written-homework-assignment.txt,text/00192-mth-253-module-item-unit-2-written-homework-assignment.fulltext.txt,markdown/00192-mth-253-module-item-unit-2-written-homework-assignment.md,,metadata/00192-mth-253-module-item-unit-2-written-homework-assignment.json,75b45f1c98cd6aae4265a3ac160eb66612fd261462391ab2a60dae037a1599c3,e71795982ff7d42b9b2e3d0e1ba269263218c6bbfbc3ff7523d52ab6d71ac2ed,2026-07-18T06:18:36.114Z,6,62,2,0,0,0
00193-mth-253-module-item-week-3-web-homework-introduction-to-series,2053263,MTH-253,module_item,module_item,https://canvas.oregonstate.edu/courses/2053263/modules/items/26977769,https://canvas.oregonstate.edu/courses/2053263/assignments/10584373?module_item_id=26977769,Week 3 Web Homework: Introduction to Series,assignment,10584373,1,yes,yes,raw_html/00193-mth-253-module-item-week-3-web-homework-introduction-to-series.html,text/00193-mth-253-module-item-week-3-web-homework-introduction-to-series.txt,text/00193-mth-253-module-item-week-3-web-homework-introduction-to-series.fulltext.txt,markdown/00193-mth-253-module-item-week-3-web-homework-introduction-to-series.md,,metadata/00193-mth-253-module-item-week-3-web-homework-introduction-to-series.json,554c58f61c8c3e31049302c04b76b83a9d40ec72aaaa2fea3285d2cfc85fd64a,706f64b1a78de878f2394b8c1e3bc53e37538ca23229cf39c5706e6fed51ce3f,2026-07-18T06:18:39.044Z,2,56,2,0,0,0
00194-mth-253-module-item-unit-2-quiz-sequences-and-series-mth-253z-400-u2026,2053263,MTH-253,module_item,module_item,https://canvas.oregonstate.edu/courses/2053263/modules/items/26885552,https://canvas.oregonstate.edu/courses/2053263/quizzes/3159592?module_item_id=26885552,Unit 2 Quiz: SEQUENCES AND SERIES (MTH_253Z_400_U2026),quiz,3159592,1,yes,,raw_html/00194-mth-253-module-item-unit-2-quiz-sequences-and-series-mth-253z-400-u2026.html,text/00194-mth-253-module-item-unit-2-quiz-sequences-and-series-mth-253z-400-u2026.txt,text/00194-mth-253-module-item-unit-2-quiz-sequences-and-series-mth-253z-400-u2026.fulltext.txt,markdown/00194-mth-253-module-item-unit-2-quiz-sequences-and-series-mth-253z-400-u2026.md,,metadata/00194-mth-253-module-item-unit-2-quiz-sequences-and-series-mth-253z-400-u2026.json,5560be48ae3da14e1fa68615bf8f129786dd6bdfcde0574722dc25dea299ba58,b34857074d1eeeba547cd5becb3c481f1da05d07eaa640b94357e01d5811ec67,2026-07-18T06:18:42.084Z,5,32,2,0,0,0
00195-mth-253-module-item-unit-2-conclusion-sequences-and-series-mth-253z-400-u2026,2053263,MTH-253,module_item,module_item,https://canvas.oregonstate.edu/courses/2053263/modules/items/26885554,https://canvas.oregonstate.edu/courses/2053263/pages/unit-2-conclusion?module_item_id=26885554,Unit 2 - Conclusion: SEQUENCES AND SERIES (MTH_253Z_400_U2026),page,unit-2-conclusion,1,yes,,raw_html/00195-mth-253-module-item-unit-2-conclusion-sequences-and-series-mth-253z-400-u2026.html,text/00195-mth-253-module-item-unit-2-conclusion-sequences-and-series-mth-253z-400-u2026.txt,text/00195-mth-253-module-item-unit-2-conclusion-sequences-and-series-mth-253z-400-u2026.fulltext.txt,markdown/00195-mth-253-module-item-unit-2-conclusion-sequences-and-series-mth-253z-400-u2026.md,,metadata/00195-mth-253-module-item-unit-2-conclusion-sequences-and-series-mth-253z-400-u2026.json,6044b44967b3129efe980fa1d4718b253dc46218b65386bc76b2d21424d33ab9,b88dcfb247ffaee2cc71efca79f434d7a7a73f5acb913963965da181c525d491,2026-07-18T06:18:44.797Z,1,31,2,0,0,0
00196-mth-253-module-item-unit-3-overview-sequences-and-series-mth-253z-400-u2026,2053263,MTH-253,module_item,module_item,https://canvas.oregonstate.edu/courses/2053263/modules/items/26885555,https://canvas.oregonstate.edu/courses/2053263/pages/unit-3-overview?module_item_id=26885555,Unit 3 - Overview: SEQUENCES AND SERIES (MTH_253Z_400_U2026),page,unit-3-overview,1,yes,,raw_html/00196-mth-253-module-item-unit-3-overview-sequences-and-series-mth-253z-400-u2026.html,text/00196-mth-253-module-item-unit-3-overview-sequences-and-series-mth-253z-400-u2026.txt,text/00196-mth-253-module-item-unit-3-overview-sequences-and-series-mth-253z-400-u2026.fulltext.txt,markdown/00196-mth-253-module-item-unit-3-overview-sequences-and-series-mth-253z-400-u2026.md,,metadata/00196-mth-253-module-item-unit-3-overview-sequences-and-series-mth-253z-400-u2026.json,c3757488058e919229f9acc99cfa06b5207ce599148ebb9e95cf5e7499ac67d2,d194c5d5c47506cec29f078466c6151f49aafbc8be9be344d78b10100148a200,2026-07-18T06:18:47.742Z,4,41,2,0,0,0
00197-mth-253-module-item-unit-3-learning-materials-sequences-and-series-mth-253z-400-u2026,2053263,MTH-253,module_item,module_item,https://canvas.oregonstate.edu/courses/2053263/modules/items/26885556,https://canvas.oregonstate.edu/courses/2053263/pages/unit-3-learning-materials?module_item_id=26885556,Unit 3 - Learning Materials: SEQUENCES AND SERIES (MTH_253Z_400_U2026),page,unit-3-learning-materials,1,yes,yes,raw_html/00197-mth-253-module-item-unit-3-learning-materials-sequences-and-series-mth-253z-400-u2026.html,text/00197-mth-253-module-item-unit-3-learning-materials-sequences-and-series-mth-253z-400-u2026.txt,text/00197-mth-253-module-item-unit-3-learning-materials-sequences-and-series-mth-253z-400-u2026.fulltext.txt,markdown/00197-mth-253-module-item-unit-3-learning-materials-sequences-and-series-mth-253z-400-u2026.md,,metadata/00197-mth-253-module-item-unit-3-learning-materials-sequences-and-series-mth-253z-400-u2026.json,a1b725f169e161c663446c648d746c20cfa7133c4d355249ed60f22eb5387520,bae671e90893d0deaaf648095b0a080a8d19a462bfc7029e6cd387798487162c,2026-07-18T06:18:51.198Z,4,54,12,0,0,0
00198-mth-253-module-item-topic-unit-3-q-a-discussion-board-optional,2053263,MTH-253,module_item,module_item,https://canvas.oregonstate.edu/courses/2053263/modules/items/26885557,https://canvas.oregonstate.edu/courses/2053263/discussion_topics/11558492?module_item_id=26885557,Topic: Unit 3 - Q&A Discussion Board (Optional),discussion,11558492,1,yes,,raw_html/00198-mth-253-module-item-topic-unit-3-q-a-discussion-board-optional.html,text/00198-mth-253-module-item-topic-unit-3-q-a-discussion-board-optional.txt,text/00198-mth-253-module-item-topic-unit-3-q-a-discussion-board-optional.fulltext.txt,markdown/00198-mth-253-module-item-topic-unit-3-q-a-discussion-board-optional.md,,metadata/00198-mth-253-module-item-topic-unit-3-q-a-discussion-board-optional.json,a4891072173b98cc181a0caa4a7e9e30a868bf8558870634314cdcf5881e2f93,e3b0c44298fc1c149afbf4c8996fb92427ae41e4649b934ca495991b7852b855,2026-07-18T06:18:56.708Z,0,30,2,0,0,0
00199-mth-253-module-item-week-4-web-homework-the-divergence-and-integral-tests,2053263,MTH-253,module_item,module_item,https://canvas.oregonstate.edu/courses/2053263/modules/items/26977967,https://canvas.oregonstate.edu/courses/2053263/assignments/10584431?module_item_id=26977967,Week 4 Web Homework: The Divergence and Integral Tests,assignment,10584431,1,yes,yes,raw_html/00199-mth-253-module-item-week-4-web-homework-the-divergence-and-integral-tests.html,text/00199-mth-253-module-item-week-4-web-homework-the-divergence-and-integral-tests.txt,text/00199-mth-253-module-item-week-4-web-homework-the-divergence-and-integral-tests.fulltext.txt,markdown/00199-mth-253-module-item-week-4-web-homework-the-divergence-and-integral-tests.md,,metadata/00199-mth-253-module-item-week-4-web-homework-the-divergence-and-integral-tests.json,0d68a4b34d10e5ec2ed8dd02ce3ff1f2b15ef879b8d7a78fae6a1707cac350ee,13d47d4c6b5898428936653a7788f8ba35ee20624fdbfb8fe72b6f32ddb29c66,2026-07-18T06:18:59.347Z,2,55,2,0,0,0
00200-mth-253-module-item-week-5-web-homework-comparison-and-alternate-series-tests,2053263,MTH-253,module_item,module_item,https://canvas.oregonstate.edu/courses/2053263/modules/items/26977977,https://canvas.oregonstate.edu/courses/2053263/assignments/10584434?module_item_id=26977977,Week 5 Web Homework: Comparison and Alternate Series Tests,assignment,10584434,1,yes,yes,raw_html/00200-mth-253-module-item-week-5-web-homework-comparison-and-alternate-series-tests.html,text/00200-mth-253-module-item-week-5-web-homework-comparison-and-alternate-series-tests.txt,text/00200-mth-253-module-item-week-5-web-homework-comparison-and-alternate-series-tests.fulltext.txt,markdown/00200-mth-253-module-item-week-5-web-homework-comparison-and-alternate-series-tests.md,,metadata/00200-mth-253-module-item-week-5-web-homework-comparison-and-alternate-series-tests.json,27157bca4a258392efffbae6fbb4e6b70345aaae4c136335c7809d60ecf22683,b99e656937a60276f3e54457e13f933aeb3bfaf04d96a76183196dc1b01aa24a,2026-07-18T06:19:02.545Z,2,57,2,0,0,0
00201-mth-253-module-item-topic-unit-3-discussion-board-submitted-in-week-6-required,2053263,MTH-253,module_item,module_item,https://canvas.oregonstate.edu/courses/2053263/modules/items/26885558,https://canvas.oregonstate.edu/courses/2053263/discussion_topics/11558497?module_item_id=26885558,Topic: Unit 3 Discussion Board - Submitted in Week 6 (Required),discussion,11558497,1,yes,,raw_html/00201-mth-253-module-item-topic-unit-3-discussion-board-submitted-in-week-6-required.html,text/00201-mth-253-module-item-topic-unit-3-discussion-board-submitted-in-week-6-required.txt,text/00201-mth-253-module-item-topic-unit-3-discussion-board-submitted-in-week-6-required.fulltext.txt,markdown/00201-mth-253-module-item-topic-unit-3-discussion-board-submitted-in-week-6-required.md,,metadata/00201-mth-253-module-item-topic-unit-3-discussion-board-submitted-in-week-6-required.json,24e6b2e75f1cf6057720a4d39c0d6770e6eb7d69c7850245d7c2680942a2a400,e3b0c44298fc1c149afbf4c8996fb92427ae41e4649b934ca495991b7852b855,2026-07-18T06:19:05.210Z,0,30,2,0,0,0
00202-mth-253-module-item-unit-3-written-homework-assignment,2053263,MTH-253,module_item,module_item,https://canvas.oregonstate.edu/courses/2053263/modules/items/26885565,https://canvas.oregonstate.edu/courses/2053263/assignments/10553181?module_item_id=26885565,Unit 3 - Written Homework Assignment,assignment,10553181,1,yes,yes,raw_html/00202-mth-253-module-item-unit-3-written-homework-assignment.html,text/00202-mth-253-module-item-unit-3-written-homework-assignment.txt,text/00202-mth-253-module-item-unit-3-written-homework-assignment.fulltext.txt,markdown/00202-mth-253-module-item-unit-3-written-homework-assignment.md,,metadata/00202-mth-253-module-item-unit-3-written-homework-assignment.json,ae55af4516f3e0ed6f6b7b1c71605d935426fc4f265f8e69b35c9f3730d94283,24fc4aec3121144b63243e17c6b2151be524509580615e03f1b9a26cba32cd67,2026-07-18T06:19:08.896Z,6,57,2,0,0,0
00203-mth-253-module-item-week-6-web-homework-ratio-and-root-tests,2053263,MTH-253,module_item,module_item,https://canvas.oregonstate.edu/courses/2053263/modules/items/26977980,https://canvas.oregonstate.edu/courses/2053263/assignments/10584435?module_item_id=26977980,Week 6 Web Homework: Ratio and Root Tests,assignment,10584435,1,yes,yes,raw_html/00203-mth-253-module-item-week-6-web-homework-ratio-and-root-tests.html,text/00203-mth-253-module-item-week-6-web-homework-ratio-and-root-tests.txt,text/00203-mth-253-module-item-week-6-web-homework-ratio-and-root-tests.fulltext.txt,markdown/00203-mth-253-module-item-week-6-web-homework-ratio-and-root-tests.md,,metadata/00203-mth-253-module-item-week-6-web-homework-ratio-and-root-tests.json,54430bcce8c4461fbe737ab7aa3d9b67fdbea9c27ac5748f58f59bd8130fc4b7,67d8e2debaa1845158058f43e1b7cff67a26d718836fe0127edaf527dc540e52,2026-07-18T06:19:11.950Z,2,55,2,0,0,0
00204-mth-253-module-item-unit-3-quiz-sequences-and-series-mth-253z-400-u2026,2053263,MTH-253,module_item,module_item,https://canvas.oregonstate.edu/courses/2053263/modules/items/26885567,https://canvas.oregonstate.edu/courses/2053263/quizzes/3159589?module_item_id=26885567,Unit 3 Quiz: SEQUENCES AND SERIES (MTH_253Z_400_U2026),quiz,3159589,1,yes,,raw_html/00204-mth-253-module-item-unit-3-quiz-sequences-and-series-mth-253z-400-u2026.html,text/00204-mth-253-module-item-unit-3-quiz-sequences-and-series-mth-253z-400-u2026.txt,text/00204-mth-253-module-item-unit-3-quiz-sequences-and-series-mth-253z-400-u2026.fulltext.txt,markdown/00204-mth-253-module-item-unit-3-quiz-sequences-and-series-mth-253z-400-u2026.md,,metadata/00204-mth-253-module-item-unit-3-quiz-sequences-and-series-mth-253z-400-u2026.json,5a7118eb7aa1591c227e935968999a358bf36e6c497595b480e32fedb1fa7b45,90875b413ba2f1ffec1d23f479e6d7bf3a5e8d415ec2fecbb4d264c9fbf309c3,2026-07-18T06:19:14.693Z,1,30,2,0,0,0
00205-mth-253-module-item-unit-4-overview-sequences-and-series-mth-253z-400-u2026,2053263,MTH-253,module_item,module_item,https://canvas.oregonstate.edu/courses/2053263/modules/items/26885570,https://canvas.oregonstate.edu/courses/2053263/pages/unit-4-overview?module_item_id=26885570,Unit 4 - Overview: SEQUENCES AND SERIES (MTH_253Z_400_U2026),page,unit-4-overview,1,yes,,raw_html/00205-mth-253-module-item-unit-4-overview-sequences-and-series-mth-253z-400-u2026.html,text/00205-mth-253-module-item-unit-4-overview-sequences-and-series-mth-253z-400-u2026.txt,text/00205-mth-253-module-item-unit-4-overview-sequences-and-series-mth-253z-400-u2026.fulltext.txt,markdown/00205-mth-253-module-item-unit-4-overview-sequences-and-series-mth-253z-400-u2026.md,,metadata/00205-mth-253-module-item-unit-4-overview-sequences-and-series-mth-253z-400-u2026.json,189f7fc58c2f285af5590dc0645b6ecac47bab7506bdcb67aadacd5b1cdb0b70,eaea4b984f4ed0cd0a64b24eb9be781970119e0bdc270eb66870039030abebe7,2026-07-18T06:19:17.597Z,4,43,2,0,0,0
00206-mth-253-module-item-topic-unit-4-q-a-discussion-board-optional,2053263,MTH-253,module_item,module_item,https://canvas.oregonstate.edu/courses/2053263/modules/items/26885572,https://canvas.oregonstate.edu/courses/2053263/discussion_topics/11558493?module_item_id=26885572,Topic: Unit 4 - Q&A Discussion Board (Optional),discussion,11558493,1,yes,,raw_html/00206-mth-253-module-item-topic-unit-4-q-a-discussion-board-optional.html,text/00206-mth-253-module-item-topic-unit-4-q-a-discussion-board-optional.txt,text/00206-mth-253-module-item-topic-unit-4-q-a-discussion-board-optional.fulltext.txt,markdown/00206-mth-253-module-item-topic-unit-4-q-a-discussion-board-optional.md,,metadata/00206-mth-253-module-item-topic-unit-4-q-a-discussion-board-optional.json,b69c59e0e7152836cce4a6ca6be0a824d20ec954eecab585a188984f73ef52b6,acaee04524217fc51612005d084a99812938f5f3a555226d1c7ab39d0ae65961,2026-07-18T06:19:20.645Z,1,30,2,0,0,0
00207-mth-253-module-item-week-7-web-homework-power-series-and-functions,2053263,MTH-253,module_item,module_item,https://canvas.oregonstate.edu/courses/2053263/modules/items/26977982,https://canvas.oregonstate.edu/courses/2053263/assignments/10584436?module_item_id=26977982,Week 7 Web Homework: Power Series and Functions,assignment,10584436,1,yes,yes,raw_html/00207-mth-253-module-item-week-7-web-homework-power-series-and-functions.html,text/00207-mth-253-module-item-week-7-web-homework-power-series-and-functions.txt,text/00207-mth-253-module-item-week-7-web-homework-power-series-and-functions.fulltext.txt,markdown/00207-mth-253-module-item-week-7-web-homework-power-series-and-functions.md,,metadata/00207-mth-253-module-item-week-7-web-homework-power-series-and-functions.json,7c1f95a86c842aeb3ec8042f531920aab752c2b0ff0af5f57eac7176b28d08b0,a6a59398564b34dbf4b31fda29d796476eb0920fe0fdf751cfe7e537a0db329e,2026-07-18T06:19:24.051Z,2,57,2,0,0,0
00208-mth-253-module-item-week-8-web-homework-taylor-and-maclaurin-series,2053263,MTH-253,module_item,module_item,https://canvas.oregonstate.edu/courses/2053263/modules/items/26977985,https://canvas.oregonstate.edu/courses/2053263/assignments/10584437?module_item_id=26977985,Week 8 Web Homework Taylor and Maclaurin Series,assignment,10584437,1,yes,yes,raw_html/00208-mth-253-module-item-week-8-web-homework-taylor-and-maclaurin-series.html,text/00208-mth-253-module-item-week-8-web-homework-taylor-and-maclaurin-series.txt,text/00208-mth-253-module-item-week-8-web-homework-taylor-and-maclaurin-series.fulltext.txt,markdown/00208-mth-253-module-item-week-8-web-homework-taylor-and-maclaurin-series.md,,metadata/00208-mth-253-module-item-week-8-web-homework-taylor-and-maclaurin-series.json,759157f3e9ee0f5bd62194238dc60a9091664b467b221cb2061c7f9218af5db9,d54696cafdb748e1a899edc2b525e3abb9d6e755760516d51dab687b9084330d,2026-07-18T06:19:27.306Z,2,57,2,0,0,0
00209-mth-253-module-item-topic-unit-4-discussion-board-submitted-in-week-9-required,2053263,MTH-253,module_item,module_item,https://canvas.oregonstate.edu/courses/2053263/modules/items/26885573,https://canvas.oregonstate.edu/courses/2053263/discussion_topics/11558496?module_item_id=26885573,Topic: Unit 4 Discussion Board - Submitted in Week 9 (Required),discussion,11558496,1,yes,,raw_html/00209-mth-253-module-item-topic-unit-4-discussion-board-submitted-in-week-9-required.html,text/00209-mth-253-module-item-topic-unit-4-discussion-board-submitted-in-week-9-required.txt,text/00209-mth-253-module-item-topic-unit-4-discussion-board-submitted-in-week-9-required.fulltext.txt,markdown/00209-mth-253-module-item-topic-unit-4-discussion-board-submitted-in-week-9-required.md,,metadata/00209-mth-253-module-item-topic-unit-4-discussion-board-submitted-in-week-9-required.json,298465ea56231abc6379c3c547ed1436f745e183f439fd22eaeb60393e817624,e3b0c44298fc1c149afbf4c8996fb92427ae41e4649b934ca495991b7852b855,2026-07-18T06:19:30.442Z,0,30,2,0,0,0
00210-mth-253-module-item-unit-4-quiz-sequences-and-series-mth-253z-400-u2026,2053263,MTH-253,module_item,module_item,https://canvas.oregonstate.edu/courses/2053263/modules/items/26885582,https://canvas.oregonstate.edu/courses/2053263/quizzes/3159590?module_item_id=26885582,Unit 4 Quiz: SEQUENCES AND SERIES (MTH_253Z_400_U2026),quiz,3159590,1,yes,,raw_html/00210-mth-253-module-item-unit-4-quiz-sequences-and-series-mth-253z-400-u2026.html,text/00210-mth-253-module-item-unit-4-quiz-sequences-and-series-mth-253z-400-u2026.txt,text/00210-mth-253-module-item-unit-4-quiz-sequences-and-series-mth-253z-400-u2026.fulltext.txt,markdown/00210-mth-253-module-item-unit-4-quiz-sequences-and-series-mth-253z-400-u2026.md,,metadata/00210-mth-253-module-item-unit-4-quiz-sequences-and-series-mth-253z-400-u2026.json,bf0036066a2ce7bfe4f7a3e9c7e3413a19b11027625e27b75ab048f78cea4213,86263bbfa83ed4cd2d58b9badbc14a4b179b6649152943703329e11a67cdfda6,2026-07-18T06:19:33.345Z,1,32,2,0,0,0
00211-mth-253-module-item-unit-4-written-homework-assignment,2053263,MTH-253,module_item,module_item,https://canvas.oregonstate.edu/courses/2053263/modules/items/26885580,https://canvas.oregonstate.edu/courses/2053263/assignments/10553182?module_item_id=26885580,Unit 4 - Written Homework Assignment,assignment,10553182,1,yes,,raw_html/00211-mth-253-module-item-unit-4-written-homework-assignment.html,text/00211-mth-253-module-item-unit-4-written-homework-assignment.txt,text/00211-mth-253-module-item-unit-4-written-homework-assignment.fulltext.txt,markdown/00211-mth-253-module-item-unit-4-written-homework-assignment.md,,metadata/00211-mth-253-module-item-unit-4-written-homework-assignment.json,8dc699e665258222d03dec5db1a0de136a17b763f7f093e8763c3b669335d818,6cad000c9a9241281209520da6c270d2a2bc8730b410f9a112f7e29aeec21bf9,2026-07-18T06:19:36.549Z,2,57,2,0,0,0
00212-mth-253-module-item-week-9-web-homework-properties-of-power-series,2053263,MTH-253,module_item,module_item,https://canvas.oregonstate.edu/courses/2053263/modules/items/26977987,https://canvas.oregonstate.edu/courses/2053263/assignments/10584438?module_item_id=26977987,Week 9 Web Homework: Properties of Power Series,assignment,10584438,1,yes,yes,raw_html/00212-mth-253-module-item-week-9-web-homework-properties-of-power-series.html,text/00212-mth-253-module-item-week-9-web-homework-properties-of-power-series.txt,text/00212-mth-253-module-item-week-9-web-homework-properties-of-power-series.fulltext.txt,markdown/00212-mth-253-module-item-week-9-web-homework-properties-of-power-series.md,,metadata/00212-mth-253-module-item-week-9-web-homework-properties-of-power-series.json,cebe95ac70a6af1f0fd452ecbd6bf59982a62fddb33d2f25f0c57753b371c2e5,848f82b783e1383a690916bde3e78d17719b42d815e4e6ba1bb9af3e78b6bcfe,2026-07-18T06:19:42.051Z,2,57,2,0,0,0
00213-mth-253-module-item-unit-5-overview-sequences-and-series-mth-253z-400-u2026,2053263,MTH-253,module_item,module_item,https://canvas.oregonstate.edu/courses/2053263/modules/items/26885585,https://canvas.oregonstate.edu/courses/2053263/pages/unit-5-overview?module_item_id=26885585,Unit 5 - Overview: SEQUENCES AND SERIES (MTH_253Z_400_U2026),page,unit-5-overview,1,yes,,raw_html/00213-mth-253-module-item-unit-5-overview-sequences-and-series-mth-253z-400-u2026.html,text/00213-mth-253-module-item-unit-5-overview-sequences-and-series-mth-253z-400-u2026.txt,text/00213-mth-253-module-item-unit-5-overview-sequences-and-series-mth-253z-400-u2026.fulltext.txt,markdown/00213-mth-253-module-item-unit-5-overview-sequences-and-series-mth-253z-400-u2026.md,,metadata/00213-mth-253-module-item-unit-5-overview-sequences-and-series-mth-253z-400-u2026.json,81daecc78232875e7524db20648bec23cd9c7976b4895e5e3436c046cd8a7212,10864f9cfdaf32d130f3a904fc2f06475313c333ddf991c3559e806961901d06,2026-07-18T06:19:44.647Z,4,36,2,0,0,0
00214-mth-253-module-item-topic-unit-5-q-a-discussion-board-optional,2053263,MTH-253,module_item,module_item,https://canvas.oregonstate.edu/courses/2053263/modules/items/26885587,https://canvas.oregonstate.edu/courses/2053263/discussion_topics/11558494?module_item_id=26885587,Topic: Unit 5 - Q&A Discussion Board (Optional),discussion,11558494,1,yes,,raw_html/00214-mth-253-module-item-topic-unit-5-q-a-discussion-board-optional.html,text/00214-mth-253-module-item-topic-unit-5-q-a-discussion-board-optional.txt,text/00214-mth-253-module-item-topic-unit-5-q-a-discussion-board-optional.fulltext.txt,markdown/00214-mth-253-module-item-topic-unit-5-q-a-discussion-board-optional.md,,metadata/00214-mth-253-module-item-topic-unit-5-q-a-discussion-board-optional.json,c305a07c8c3598fea0ad55c2a9aad326b2722f967081a005b30bd9b5835a06ed,e3b0c44298fc1c149afbf4c8996fb92427ae41e4649b934ca495991b7852b855,2026-07-18T06:19:47.050Z,0,30,2,0,0,0
00215-mth-253-module-item-unit-5-written-homework-assignment,2053263,MTH-253,module_item,module_item,https://canvas.oregonstate.edu/courses/2053263/modules/items/26885592,https://canvas.oregonstate.edu/courses/2053263/assignments/10553183?module_item_id=26885592,Unit 5 - Written Homework Assignment,assignment,10553183,1,yes,,raw_html/00215-mth-253-module-item-unit-5-written-homework-assignment.html,text/00215-mth-253-module-item-unit-5-written-homework-assignment.txt,text/00215-mth-253-module-item-unit-5-written-homework-assignment.fulltext.txt,markdown/00215-mth-253-module-item-unit-5-written-homework-assignment.md,,metadata/00215-mth-253-module-item-unit-5-written-homework-assignment.json,3cdbd62c8bf12fc8bda33582410771f13c98d25bd9aca4a540588f74c69f9499,d4808e4bf53bdd135271c6440d0bd8bf09bc34c7c12a7f63909ad5c17df263e0,2026-07-18T06:19:49.804Z,2,55,2,0,0,0
00216-mth-253-module-item-week-10-web-homework-working-with-taylor-series,2053263,MTH-253,module_item,module_item,https://canvas.oregonstate.edu/courses/2053263/modules/items/26977989,https://canvas.oregonstate.edu/courses/2053263/assignments/10584439?module_item_id=26977989,Week 10 Web Homework: Working with Taylor Series,assignment,10584439,1,yes,yes,raw_html/00216-mth-253-module-item-week-10-web-homework-working-with-taylor-series.html,text/00216-mth-253-module-item-week-10-web-homework-working-with-taylor-series.txt,text/00216-mth-253-module-item-week-10-web-homework-working-with-taylor-series.fulltext.txt,markdown/00216-mth-253-module-item-week-10-web-homework-working-with-taylor-series.md,,metadata/00216-mth-253-module-item-week-10-web-homework-working-with-taylor-series.json,7cc1e68c8f06e6da47917e7a3a4c94da87e19036d1ddb4f23e566cea5f4278d0,61e5611659a41e269b0da8be94ebf6fd40002e9eede8c737f418fac3a32759e8,2026-07-18T06:19:52.695Z,2,55,2,0,0,0
00217-mth-253-module-item-week-11-overview-sequences-and-series-mth-253z-400-u2026,2053263,MTH-253,module_item,module_item,https://canvas.oregonstate.edu/courses/2053263/modules/items/26885596,https://canvas.oregonstate.edu/courses/2053263/pages/week-11-overview?module_item_id=26885596,Week 11 - Overview: SEQUENCES AND SERIES (MTH_253Z_400_U2026),page,week-11-overview,1,yes,,raw_html/00217-mth-253-module-item-week-11-overview-sequences-and-series-mth-253z-400-u2026.html,text/00217-mth-253-module-item-week-11-overview-sequences-and-series-mth-253z-400-u2026.txt,text/00217-mth-253-module-item-week-11-overview-sequences-and-series-mth-253z-400-u2026.fulltext.txt,markdown/00217-mth-253-module-item-week-11-overview-sequences-and-series-mth-253z-400-u2026.md,,metadata/00217-mth-253-module-item-week-11-overview-sequences-and-series-mth-253z-400-u2026.json,8c385345d75fff1bb4b30f9c79d9d0d82399f057197b48df7577051ce101b284,444a7366cde0326ce3743dca8f7f6953cb855b03fb4e2670faeb64517d3572b7,2026-07-18T06:19:55.496Z,3,32,2,0,0,0
00218-mth-253-module-item-topic-preparing-for-your-final-exam-q-a-discussion-board-optional,2053263,MTH-253,module_item,module_item,https://canvas.oregonstate.edu/courses/2053263/modules/items/26885597,https://canvas.oregonstate.edu/courses/2053263/discussion_topics/11558495?module_item_id=26885597,Topic: Preparing for your Final Exam - Q&A Discussion Board (Optional),discussion,11558495,1,yes,,raw_html/00218-mth-253-module-item-topic-preparing-for-your-final-exam-q-a-discussion-board-optional.html,text/00218-mth-253-module-item-topic-preparing-for-your-final-exam-q-a-discussion-board-optional.txt,text/00218-mth-253-module-item-topic-preparing-for-your-final-exam-q-a-discussion-board-optional.fulltext.txt,markdown/00218-mth-253-module-item-topic-preparing-for-your-final-exam-q-a-discussion-board-optional.md,,metadata/00218-mth-253-module-item-topic-preparing-for-your-final-exam-q-a-discussion-board-optional.json,df294c31e001129e279771788791c35e561dda862f4870448dbd897b6e631ef5,e3b0c44298fc1c149afbf4c8996fb92427ae41e4649b934ca495991b7852b855,2026-07-18T06:19:58.047Z,0,30,2,0,0,0
00219-mth-253-module-item-mth-253-final-exam-practice-problems-pdf-sequences-and-series-mth-253z-400-u2026,2053263,MTH-253,module_item,module_item,https://canvas.oregonstate.edu/courses/2053263/modules/items/26885598,https://canvas.oregonstate.edu/courses/2053263/files/118558956?module_item_id=26885598,MTH 253 - Final Exam Practice Problems.pdf: SEQUENCES AND SERIES (MTH_253Z_400_U2026),file,118558956,1,yes,,raw_html/00219-mth-253-module-item-mth-253-final-exam-practice-problems-pdf-sequences-and-series-mth-253z-400-u2026.html,text/00219-mth-253-module-item-mth-253-final-exam-practice-problems-pdf-sequences-and-series-mth-253z-400-u2026.txt,text/00219-mth-253-module-item-mth-253-final-exam-practice-problems-pdf-sequences-and-series-mth-253z-400-u2026.fulltext.txt,markdown/00219-mth-253-module-item-mth-253-final-exam-practice-problems-pdf-sequences-and-series-mth-253z-400-u2026.md,,metadata/00219-mth-253-module-item-mth-253-final-exam-practice-problems-pdf-sequences-and-series-mth-253z-400-u2026.json,8cd00b9ca7f6d4a3ca622b15f61d78b477f035247d5b54147fd6edb888ae87e7,dd42bb24eb04ee4dbfcd4fb6e10a5a3138f1a0c4896a7c591eb9fa1d993cbd52,2026-07-18T06:20:00.897Z,1,34,3,0,0,0
00220-mth-253-module-item-mth-253-final-exam-practice-problems-answers-pdf-sequences-and-series-mth-253z-400-u2026,2053263,MTH-253,module_item,module_item,https://canvas.oregonstate.edu/courses/2053263/modules/items/26885599,https://canvas.oregonstate.edu/courses/2053263/files/118558944?module_item_id=26885599,MTH 253 - Final Exam Practice Problems - Answers.pdf: SEQUENCES AND SERIES (MTH_253Z_400_U2026),file,118558944,1,yes,,raw_html/00220-mth-253-module-item-mth-253-final-exam-practice-problems-answers-pdf-sequences-and-series-mth-253z-400-u2026.html,text/00220-mth-253-module-item-mth-253-final-exam-practice-problems-answers-pdf-sequences-and-series-mth-253z-400-u2026.txt,text/00220-mth-253-module-item-mth-253-final-exam-practice-problems-answers-pdf-sequences-and-series-mth-253z-400-u2026.fulltext.txt,markdown/00220-mth-253-module-item-mth-253-final-exam-practice-problems-answers-pdf-sequences-and-series-mth-253z-400-u2026.md,,metadata/00220-mth-253-module-item-mth-253-final-exam-practice-problems-answers-pdf-sequences-and-series-mth-253z-400-u2026.json,6ff01337e2f8c7428caa9c00de5cebd7617c9d896f6fdef925636baeb667bc14,48e15732821b332299264fc6790a4bc372488060a8e8f41de61266c255e86479,2026-07-18T06:20:05.697Z,1,34,3,0,0,0
00221-mth-253-module-item-final-exam-sequences-and-series-mth-253z-400-u2026,2053263,MTH-253,module_item,module_item,https://canvas.oregonstate.edu/courses/2053263/modules/items/26885601,https://canvas.oregonstate.edu/courses/2053263/quizzes/3159588?module_item_id=26885601,Final Exam: SEQUENCES AND SERIES (MTH_253Z_400_U2026),quiz,3159588,1,yes,,raw_html/00221-mth-253-module-item-final-exam-sequences-and-series-mth-253z-400-u2026.html,text/00221-mth-253-module-item-final-exam-sequences-and-series-mth-253z-400-u2026.txt,text/00221-mth-253-module-item-final-exam-sequences-and-series-mth-253z-400-u2026.fulltext.txt,markdown/00221-mth-253-module-item-final-exam-sequences-and-series-mth-253z-400-u2026.md,,metadata/00221-mth-253-module-item-final-exam-sequences-and-series-mth-253z-400-u2026.json,2991af2ae76a0ae071c402eacb7cdf125954f958323e2d606430bf8b54a868bf,ddbd7e0d9dd29f75ceaebe4f087f57abd85b3fce391efc8a8934456f3625a945,2026-07-18T06:20:08.799Z,1,30,2,0,0,0
00222-mth-253-linked-detail-topic-unit-3-is-underway,2053263,MTH-253,linked_detail,linked_detail,https://canvas.oregonstate.edu/courses/2053263/discussion_topics/11558478,https://canvas.oregonstate.edu/courses/2053263/discussion_topics/11558478,Topic: Unit 3 is underway!,discussion,11558478,1,,,raw_html/00222-mth-253-linked-detail-topic-unit-3-is-underway.html,text/00222-mth-253-linked-detail-topic-unit-3-is-underway.txt,text/00222-mth-253-linked-detail-topic-unit-3-is-underway.fulltext.txt,markdown/00222-mth-253-linked-detail-topic-unit-3-is-underway.md,,metadata/00222-mth-253-linked-detail-topic-unit-3-is-underway.json,7cdd12c49a5210800ab35239c826b4fee40e2c2226536ecf7fb098396e6b3853,e3b0c44298fc1c149afbf4c8996fb92427ae41e4649b934ca495991b7852b855,2026-07-18T06:20:12.167Z,0,30,2,0,0,0
00223-mth-253-linked-detail-topic-welcome-to-the-class,2053263,MTH-253,linked_detail,linked_detail,https://canvas.oregonstate.edu/courses/2053263/discussion_topics/11558489,https://canvas.oregonstate.edu/courses/2053263/discussion_topics/11558489,Topic: Welcome to the class!,discussion,11558489,1,,,raw_html/00223-mth-253-linked-detail-topic-welcome-to-the-class.html,text/00223-mth-253-linked-detail-topic-welcome-to-the-class.txt,text/00223-mth-253-linked-detail-topic-welcome-to-the-class.fulltext.txt,markdown/00223-mth-253-linked-detail-topic-welcome-to-the-class.md,,metadata/00223-mth-253-linked-detail-topic-welcome-to-the-class.json,806a27a217552436b0086815b02348a56391d85f3687fbadae5ddd597f98ae07,e3b0c44298fc1c149afbf4c8996fb92427ae41e4649b934ca495991b7852b855,2026-07-18T06:20:14.861Z,0,30,2,0,0,0
00224-mth-253-linked-detail-mth-253-course-syllabus-summer-2026-pdf-sequences-and-series-mth-253z-400-u2026,2053263,MTH-253,linked_detail,linked_detail,https://canvas.oregonstate.edu/courses/2053263/files/119228487?wrap=1,https://canvas.oregonstate.edu/courses/2053263/files/119228487?wrap=1,MTH_253_Course_Syllabus_Summer_2026.pdf: SEQUENCES AND SERIES (MTH_253Z_400_U2026),file,119228487,1,,,raw_html/00224-mth-253-linked-detail-mth-253-course-syllabus-summer-2026-pdf-sequences-and-series-mth-253z-400-u2026.html,text/00224-mth-253-linked-detail-mth-253-course-syllabus-summer-2026-pdf-sequences-and-series-mth-253z-400-u2026.txt,text/00224-mth-253-linked-detail-mth-253-course-syllabus-summer-2026-pdf-sequences-and-series-mth-253z-400-u2026.fulltext.txt,markdown/00224-mth-253-linked-detail-mth-253-course-syllabus-summer-2026-pdf-sequences-and-series-mth-253z-400-u2026.md,,metadata/00224-mth-253-linked-detail-mth-253-course-syllabus-summer-2026-pdf-sequences-and-series-mth-253z-400-u2026.json,f84b968d7010568f02e76e4ea0faf2a4c511c820e00a73db3891ff6f5762da12,6c390cf066476314aaa53e50b7be4323344f2301f426c499b5b5e6538df85104,2026-07-18T06:20:17.230Z,1,32,3,0,0,0
00225-mth-253-linked-detail-unit-1-written-homework-assignment,2053263,MTH-253,linked_detail,linked_detail,https://canvas.oregonstate.edu/courses/2053263/assignments/10553179,https://canvas.oregonstate.edu/courses/2053263/assignments/10553179,Unit 1 - Written Homework Assignment,assignment,10553179,1,,,raw_html/00225-mth-253-linked-detail-unit-1-written-homework-assignment.html,text/00225-mth-253-linked-detail-unit-1-written-homework-assignment.txt,text/00225-mth-253-linked-detail-unit-1-written-homework-assignment.fulltext.txt,markdown/00225-mth-253-linked-detail-unit-1-written-homework-assignment.md,,metadata/00225-mth-253-linked-detail-unit-1-written-homework-assignment.json,16d676bb2b8ba64649c289ac51dd99efed89fff27461e6506885d6c987ac905c,eb378b23385f3656f48daf46ef81ec71e98f5e579a5fabefd705f4713033111c,2026-07-18T06:20:20.243Z,6,58,2,0,0,0
00226-mth-253-linked-detail-topic-unit-1-discussion-board-submitted-in-week-1-required,2053263,MTH-253,linked_detail,linked_detail,https://canvas.oregonstate.edu/courses/2053263/assignments/10553178,https://canvas.oregonstate.edu/courses/2053263/discussion_topics/11558498,Topic: Unit 1 Discussion Board - Submitted in Week 1 (Required),discussion,11558498,1,yes,,raw_html/00226-mth-253-linked-detail-topic-unit-1-discussion-board-submitted-in-week-1-required.html,text/00226-mth-253-linked-detail-topic-unit-1-discussion-board-submitted-in-week-1-required.txt,text/00226-mth-253-linked-detail-topic-unit-1-discussion-board-submitted-in-week-1-required.fulltext.txt,markdown/00226-mth-253-linked-detail-topic-unit-1-discussion-board-submitted-in-week-1-required.md,,metadata/00226-mth-253-linked-detail-topic-unit-1-discussion-board-submitted-in-week-1-required.json,e5c6b621d23823b420ce8cf1a266a22e5a7a1664800612c3219bd593ea39b22a,e3b0c44298fc1c149afbf4c8996fb92427ae41e4649b934ca495991b7852b855,2026-07-18T06:20:23.193Z,0,30,2,0,0,0
00227-mth-253-linked-detail-week-1-web-homework-infinity-and-limits-indeterminates-improper-integrals,2053263,MTH-253,linked_detail,linked_detail,https://canvas.oregonstate.edu/courses/2053263/assignments/10584258,https://canvas.oregonstate.edu/courses/2053263/assignments/10584258,"Week 1 Web Homework: Infinity and Limits, Indeterminates, Improper Integrals",assignment,10584258,1,,yes,raw_html/00227-mth-253-linked-detail-week-1-web-homework-infinity-and-limits-indeterminates-improper-integrals.html,text/00227-mth-253-linked-detail-week-1-web-homework-infinity-and-limits-indeterminates-improper-integrals.txt,text/00227-mth-253-linked-detail-week-1-web-homework-infinity-and-limits-indeterminates-improper-integrals.fulltext.txt,markdown/00227-mth-253-linked-detail-week-1-web-homework-infinity-and-limits-indeterminates-improper-integrals.md,,metadata/00227-mth-253-linked-detail-week-1-web-homework-infinity-and-limits-indeterminates-improper-integrals.json,00697080c69b1d83821c9053b5acf5c0c46c864de25f2fda8002ef24af52d4fa,b54137f771eaf47c35f070b53cd6fbc379144cd3ba90e27bc0f9bf16a3d84d47,2026-07-18T06:20:28.852Z,2,58,2,0,0,0
00228-mth-253-linked-detail-unit-1-quiz-sequences-and-series-mth-253z-400-u2026,2053263,MTH-253,linked_detail,linked_detail,https://canvas.oregonstate.edu/courses/2053263/assignments/10553174,https://canvas.oregonstate.edu/courses/2053263/quizzes/3159593,Unit 1 Quiz: SEQUENCES AND SERIES (MTH_253Z_400_U2026),quiz,3159593,1,yes,,raw_html/00228-mth-253-linked-detail-unit-1-quiz-sequences-and-series-mth-253z-400-u2026.html,text/00228-mth-253-linked-detail-unit-1-quiz-sequences-and-series-mth-253z-400-u2026.txt,text/00228-mth-253-linked-detail-unit-1-quiz-sequences-and-series-mth-253z-400-u2026.fulltext.txt,markdown/00228-mth-253-linked-detail-unit-1-quiz-sequences-and-series-mth-253z-400-u2026.md,,metadata/00228-mth-253-linked-detail-unit-1-quiz-sequences-and-series-mth-253z-400-u2026.json,a8e6ae2d4c68acb5bbd31038053c45c68bab1b5fba5e8d1a59a49305cc488c84,b7b2e5867998022c892cf31336ecb81ff1ad43ffeace8f256a2d1b1823f3428b,2026-07-18T06:20:31.644Z,5,32,2,0,0,0
00229-mth-253-linked-detail-week-2-web-homework-sequences,2053263,MTH-253,linked_detail,linked_detail,https://canvas.oregonstate.edu/courses/2053263/assignments/10584372,https://canvas.oregonstate.edu/courses/2053263/assignments/10584372,Week 2 Web Homework: Sequences,assignment,10584372,1,,yes,raw_html/00229-mth-253-linked-detail-week-2-web-homework-sequences.html,text/00229-mth-253-linked-detail-week-2-web-homework-sequences.txt,text/00229-mth-253-linked-detail-week-2-web-homework-sequences.fulltext.txt,markdown/00229-mth-253-linked-detail-week-2-web-homework-sequences.md,,metadata/00229-mth-253-linked-detail-week-2-web-homework-sequences.json,36b9ef3d81387daa5064a1cbb0529ed55de87ecf11bed613f92a6de4054b354c,0930eb885b475c95a79e6d0144bbccbcc777eb332697731ebef165315b334c21,2026-07-18T06:20:47.048Z,2,56,2,0,0,0
00230-mth-253-linked-detail-unit-2-written-homework-assignment,2053263,MTH-253,linked_detail,linked_detail,https://canvas.oregonstate.edu/courses/2053263/assignments/10553180,https://canvas.oregonstate.edu/courses/2053263/assignments/10553180,Unit 2 - Written Homework Assignment,assignment,10553180,1,,,raw_html/00230-mth-253-linked-detail-unit-2-written-homework-assignment.html,text/00230-mth-253-linked-detail-unit-2-written-homework-assignment.txt,text/00230-mth-253-linked-detail-unit-2-written-homework-assignment.fulltext.txt,markdown/00230-mth-253-linked-detail-unit-2-written-homework-assignment.md,,metadata/00230-mth-253-linked-detail-unit-2-written-homework-assignment.json,2a2c0dfd0a529045466df5147dd54f571f8dafa4b34f395ba78896813e8f7aad,e6059200777e366745237eb66b355cd8a874860888a8e5db99724eb91261c0fd,2026-07-18T06:20:49.603Z,6,57,2,0,0,0
00231-mth-253-linked-detail-week-3-web-homework-introduction-to-series,2053263,MTH-253,linked_detail,linked_detail,https://canvas.oregonstate.edu/courses/2053263/assignments/10584373,https://canvas.oregonstate.edu/courses/2053263/assignments/10584373,Week 3 Web Homework: Introduction to Series,assignment,10584373,1,,yes,raw_html/00231-mth-253-linked-detail-week-3-web-homework-introduction-to-series.html,text/00231-mth-253-linked-detail-week-3-web-homework-introduction-to-series.txt,text/00231-mth-253-linked-detail-week-3-web-homework-introduction-to-series.fulltext.txt,markdown/00231-mth-253-linked-detail-week-3-web-homework-introduction-to-series.md,,metadata/00231-mth-253-linked-detail-week-3-web-homework-introduction-to-series.json,6e95c7b2208a1a87bba34a64f4275150e0edef53e6f12def9c990096388e6856,e03fa7f302bd6184cb6ac0e695bbc45c0a3e1a8fa00be3604322c4cb16067824,2026-07-18T06:20:52.097Z,2,58,2,0,0,0
00232-mth-253-linked-detail-unit-2-quiz-sequences-and-series-mth-253z-400-u2026,2053263,MTH-253,linked_detail,linked_detail,https://canvas.oregonstate.edu/courses/2053263/assignments/10553173,https://canvas.oregonstate.edu/courses/2053263/quizzes/3159592,Unit 2 Quiz: SEQUENCES AND SERIES (MTH_253Z_400_U2026),quiz,3159592,1,yes,,raw_html/00232-mth-253-linked-detail-unit-2-quiz-sequences-and-series-mth-253z-400-u2026.html,text/00232-mth-253-linked-detail-unit-2-quiz-sequences-and-series-mth-253z-400-u2026.txt,text/00232-mth-253-linked-detail-unit-2-quiz-sequences-and-series-mth-253z-400-u2026.fulltext.txt,markdown/00232-mth-253-linked-detail-unit-2-quiz-sequences-and-series-mth-253z-400-u2026.md,,metadata/00232-mth-253-linked-detail-unit-2-quiz-sequences-and-series-mth-253z-400-u2026.json,b8c3b3a275bdf4c9d11a9a8e8b44d75e1fafaa97aab41a092fa912e7f853355d,fc5a93174c51e2116e0cfc575c0e80da707bf92bac80b1a2b7e260e7d8e7c6f1,2026-07-18T06:20:54.995Z,5,30,2,0,0,0
00233-mth-253-linked-detail-week-4-web-homework-the-divergence-and-integral-tests,2053263,MTH-253,linked_detail,linked_detail,https://canvas.oregonstate.edu/courses/2053263/assignments/10584431,https://canvas.oregonstate.edu/courses/2053263/assignments/10584431,Week 4 Web Homework: The Divergence and Integral Tests,assignment,10584431,1,,yes,raw_html/00233-mth-253-linked-detail-week-4-web-homework-the-divergence-and-integral-tests.html,text/00233-mth-253-linked-detail-week-4-web-homework-the-divergence-and-integral-tests.txt,text/00233-mth-253-linked-detail-week-4-web-homework-the-divergence-and-integral-tests.fulltext.txt,markdown/00233-mth-253-linked-detail-week-4-web-homework-the-divergence-and-integral-tests.md,,metadata/00233-mth-253-linked-detail-week-4-web-homework-the-divergence-and-integral-tests.json,d0b083f190e215d3905018d552cef37e735009f189ebae54f35f3d0d3d45758d,f14af17deb88ce05c8101b91ce04ebf5900c7e78c471eb96f0535990b6312e8a,2026-07-18T06:20:57.997Z,2,57,2,0,0,0
00234-mth-253-linked-detail-week-5-web-homework-comparison-and-alternate-series-tests,2053263,MTH-253,linked_detail,linked_detail,https://canvas.oregonstate.edu/courses/2053263/assignments/10584434,https://canvas.oregonstate.edu/courses/2053263/assignments/10584434,Week 5 Web Homework: Comparison and Alternate Series Tests,assignment,10584434,1,,yes,raw_html/00234-mth-253-linked-detail-week-5-web-homework-comparison-and-alternate-series-tests.html,text/00234-mth-253-linked-detail-week-5-web-homework-comparison-and-alternate-series-tests.txt,text/00234-mth-253-linked-detail-week-5-web-homework-comparison-and-alternate-series-tests.fulltext.txt,markdown/00234-mth-253-linked-detail-week-5-web-homework-comparison-and-alternate-series-tests.md,,metadata/00234-mth-253-linked-detail-week-5-web-homework-comparison-and-alternate-series-tests.json,d1afb96554015b7ac301da79ed11c946a8117c8e96ddaa9b8166c7e621b38b6e,b99e656937a60276f3e54457e13f933aeb3bfaf04d96a76183196dc1b01aa24a,2026-07-18T06:21:00.443Z,2,57,2,0,0,0
00235-mth-253-linked-detail-topic-unit-3-discussion-board-submitted-in-week-6-required,2053263,MTH-253,linked_detail,linked_detail,https://canvas.oregonstate.edu/courses/2053263/assignments/10553177,https://canvas.oregonstate.edu/courses/2053263/discussion_topics/11558497,Topic: Unit 3 Discussion Board - Submitted in Week 6 (Required),discussion,11558497,1,yes,,raw_html/00235-mth-253-linked-detail-topic-unit-3-discussion-board-submitted-in-week-6-required.html,text/00235-mth-253-linked-detail-topic-unit-3-discussion-board-submitted-in-week-6-required.txt,text/00235-mth-253-linked-detail-topic-unit-3-discussion-board-submitted-in-week-6-required.fulltext.txt,markdown/00235-mth-253-linked-detail-topic-unit-3-discussion-board-submitted-in-week-6-required.md,,metadata/00235-mth-253-linked-detail-topic-unit-3-discussion-board-submitted-in-week-6-required.json,49782569300bf8dbf71cc74b95f02ec7b79c592def1e2707c90de336f8df6e51,e3b0c44298fc1c149afbf4c8996fb92427ae41e4649b934ca495991b7852b855,2026-07-18T06:21:03.351Z,0,30,2,0,0,0
00236-mth-253-linked-detail-unit-3-written-homework-assignment,2053263,MTH-253,linked_detail,linked_detail,https://canvas.oregonstate.edu/courses/2053263/assignments/10553181,https://canvas.oregonstate.edu/courses/2053263/assignments/10553181,Unit 3 - Written Homework Assignment,assignment,10553181,1,,yes,raw_html/00236-mth-253-linked-detail-unit-3-written-homework-assignment.html,text/00236-mth-253-linked-detail-unit-3-written-homework-assignment.txt,text/00236-mth-253-linked-detail-unit-3-written-homework-assignment.fulltext.txt,markdown/00236-mth-253-linked-detail-unit-3-written-homework-assignment.md,,metadata/00236-mth-253-linked-detail-unit-3-written-homework-assignment.json,23ec6a23577074eb7e264d4537be7dc860a7e19fdefdb637a5e59c9e3d137efa,8497cbb3f9875fa85097943cd979edbb731e43b084add836a0e7513acc1769ae,2026-07-18T06:21:06.247Z,6,62,2,0,0,0
00237-mth-253-linked-detail-week-6-web-homework-ratio-and-root-tests,2053263,MTH-253,linked_detail,linked_detail,https://canvas.oregonstate.edu/courses/2053263/assignments/10584435,https://canvas.oregonstate.edu/courses/2053263/assignments/10584435,Week 6 Web Homework: Ratio and Root Tests,assignment,10584435,1,,yes,raw_html/00237-mth-253-linked-detail-week-6-web-homework-ratio-and-root-tests.html,text/00237-mth-253-linked-detail-week-6-web-homework-ratio-and-root-tests.txt,text/00237-mth-253-linked-detail-week-6-web-homework-ratio-and-root-tests.fulltext.txt,markdown/00237-mth-253-linked-detail-week-6-web-homework-ratio-and-root-tests.md,,metadata/00237-mth-253-linked-detail-week-6-web-homework-ratio-and-root-tests.json,8d1d8d65445e68e972dc9c55c991c0c424997a48b990faf6e708b7fa902caec5,5f698f8674adb5bea98ab8bb18c89e0c6bb64fb8acbff5e6cbae7d3e60124e70,2026-07-18T06:21:08.693Z,2,55,2,0,0,0
00238-mth-253-linked-detail-unit-3-quiz-sequences-and-series-mth-253z-400-u2026,2053263,MTH-253,linked_detail,linked_detail,https://canvas.oregonstate.edu/courses/2053263/assignments/10553170,https://canvas.oregonstate.edu/courses/2053263/quizzes/3159589,Unit 3 Quiz: SEQUENCES AND SERIES (MTH_253Z_400_U2026),quiz,3159589,1,yes,,raw_html/00238-mth-253-linked-detail-unit-3-quiz-sequences-and-series-mth-253z-400-u2026.html,text/00238-mth-253-linked-detail-unit-3-quiz-sequences-and-series-mth-253z-400-u2026.txt,text/00238-mth-253-linked-detail-unit-3-quiz-sequences-and-series-mth-253z-400-u2026.fulltext.txt,markdown/00238-mth-253-linked-detail-unit-3-quiz-sequences-and-series-mth-253z-400-u2026.md,,metadata/00238-mth-253-linked-detail-unit-3-quiz-sequences-and-series-mth-253z-400-u2026.json,8b6c2c74df59e21fb428387d32d7d7152d9751b05f91d824723830372e952da3,042eca4d0dec49d461899a7fbdf178ebd725b2929f8b2a0e4a4cd0ef920a7ee0,2026-07-18T06:21:11.441Z,1,32,2,0,0,0
00239-mth-253-linked-detail-week-7-web-homework-power-series-and-functions,2053263,MTH-253,linked_detail,linked_detail,https://canvas.oregonstate.edu/courses/2053263/assignments/10584436,https://canvas.oregonstate.edu/courses/2053263/assignments/10584436,Week 7 Web Homework: Power Series and Functions,assignment,10584436,1,,yes,raw_html/00239-mth-253-linked-detail-week-7-web-homework-power-series-and-functions.html,text/00239-mth-253-linked-detail-week-7-web-homework-power-series-and-functions.txt,text/00239-mth-253-linked-detail-week-7-web-homework-power-series-and-functions.fulltext.txt,markdown/00239-mth-253-linked-detail-week-7-web-homework-power-series-and-functions.md,,metadata/00239-mth-253-linked-detail-week-7-web-homework-power-series-and-functions.json,5d044e55caf4e0a44d3cb79b024550b4a4e990810bd06765f4bbe3c2c6d175d7,a6a59398564b34dbf4b31fda29d796476eb0920fe0fdf751cfe7e537a0db329e,2026-07-18T06:21:13.993Z,2,57,2,0,0,0
00240-mth-253-linked-detail-week-8-web-homework-taylor-and-maclaurin-series,2053263,MTH-253,linked_detail,linked_detail,https://canvas.oregonstate.edu/courses/2053263/assignments/10584437,https://canvas.oregonstate.edu/courses/2053263/assignments/10584437,Week 8 Web Homework Taylor and Maclaurin Series,assignment,10584437,1,,yes,raw_html/00240-mth-253-linked-detail-week-8-web-homework-taylor-and-maclaurin-series.html,text/00240-mth-253-linked-detail-week-8-web-homework-taylor-and-maclaurin-series.txt,text/00240-mth-253-linked-detail-week-8-web-homework-taylor-and-maclaurin-series.fulltext.txt,markdown/00240-mth-253-linked-detail-week-8-web-homework-taylor-and-maclaurin-series.md,,metadata/00240-mth-253-linked-detail-week-8-web-homework-taylor-and-maclaurin-series.json,e937cefb3bd53f08b31af8f48aa66d5674e0ff9406708c1cdd2ed885897494e6,d54696cafdb748e1a899edc2b525e3abb9d6e755760516d51dab687b9084330d,2026-07-18T06:21:16.750Z,2,57,2,0,0,0
00241-mth-253-linked-detail-topic-unit-4-discussion-board-submitted-in-week-9-required,2053263,MTH-253,linked_detail,linked_detail,https://canvas.oregonstate.edu/courses/2053263/assignments/10553176,https://canvas.oregonstate.edu/courses/2053263/discussion_topics/11558496,Topic: Unit 4 Discussion Board - Submitted in Week 9 (Required),discussion,11558496,1,yes,,raw_html/00241-mth-253-linked-detail-topic-unit-4-discussion-board-submitted-in-week-9-required.html,text/00241-mth-253-linked-detail-topic-unit-4-discussion-board-submitted-in-week-9-required.txt,text/00241-mth-253-linked-detail-topic-unit-4-discussion-board-submitted-in-week-9-required.fulltext.txt,markdown/00241-mth-253-linked-detail-topic-unit-4-discussion-board-submitted-in-week-9-required.md,,metadata/00241-mth-253-linked-detail-topic-unit-4-discussion-board-submitted-in-week-9-required.json,137e854e584fad218ef28449cd0cc59f62bd17568a0332c95d9a1c5de20bd1e1,e3b0c44298fc1c149afbf4c8996fb92427ae41e4649b934ca495991b7852b855,2026-07-18T06:21:19.643Z,0,30,2,0,0,0
00242-mth-253-linked-detail-unit-4-written-homework-assignment,2053263,MTH-253,linked_detail,linked_detail,https://canvas.oregonstate.edu/courses/2053263/assignments/10553182,https://canvas.oregonstate.edu/courses/2053263/assignments/10553182,Unit 4 - Written Homework Assignment,assignment,10553182,1,,,raw_html/00242-mth-253-linked-detail-unit-4-written-homework-assignment.html,text/00242-mth-253-linked-detail-unit-4-written-homework-assignment.txt,text/00242-mth-253-linked-detail-unit-4-written-homework-assignment.fulltext.txt,markdown/00242-mth-253-linked-detail-unit-4-written-homework-assignment.md,,metadata/00242-mth-253-linked-detail-unit-4-written-homework-assignment.json,286426d47b6d4f99a8ccafe913435d2355d53d94e59be21a00fdb4419ee91c50,0912f569dcdbb08f538b38827fbdfcb7e27795e948e307e86ae1fe7e239779a6,2026-07-18T06:21:22.203Z,2,55,2,0,0,0
00243-mth-253-linked-detail-week-9-web-homework-properties-of-power-series,2053263,MTH-253,linked_detail,linked_detail,https://canvas.oregonstate.edu/courses/2053263/assignments/10584438,https://canvas.oregonstate.edu/courses/2053263/assignments/10584438,Week 9 Web Homework: Properties of Power Series,assignment,10584438,1,,yes,raw_html/00243-mth-253-linked-detail-week-9-web-homework-properties-of-power-series.html,text/00243-mth-253-linked-detail-week-9-web-homework-properties-of-power-series.txt,text/00243-mth-253-linked-detail-week-9-web-homework-properties-of-power-series.fulltext.txt,markdown/00243-mth-253-linked-detail-week-9-web-homework-properties-of-power-series.md,,metadata/00243-mth-253-linked-detail-week-9-web-homework-properties-of-power-series.json,0741e3f729a6c12125d297b74fab167f78c498f70bc121ee1febc08e40565340,79379abf162609069a8e5578a58bf9454b7d426f51a5f575af92bdd7d8ffb9b2,2026-07-18T06:21:25.049Z,2,55,2,0,0,0
00244-mth-253-linked-detail-unit-4-quiz-sequences-and-series-mth-253z-400-u2026,2053263,MTH-253,linked_detail,linked_detail,https://canvas.oregonstate.edu/courses/2053263/assignments/10553171,https://canvas.oregonstate.edu/courses/2053263/quizzes/3159590,Unit 4 Quiz: SEQUENCES AND SERIES (MTH_253Z_400_U2026),quiz,3159590,1,yes,,raw_html/00244-mth-253-linked-detail-unit-4-quiz-sequences-and-series-mth-253z-400-u2026.html,text/00244-mth-253-linked-detail-unit-4-quiz-sequences-and-series-mth-253z-400-u2026.txt,text/00244-mth-253-linked-detail-unit-4-quiz-sequences-and-series-mth-253z-400-u2026.fulltext.txt,markdown/00244-mth-253-linked-detail-unit-4-quiz-sequences-and-series-mth-253z-400-u2026.md,,metadata/00244-mth-253-linked-detail-unit-4-quiz-sequences-and-series-mth-253z-400-u2026.json,9c7ba10d8a6846a017ec87e33aaeb40763c87c8d2529a141f50d57d38de7cb3a,86263bbfa83ed4cd2d58b9badbc14a4b179b6649152943703329e11a67cdfda6,2026-07-18T06:21:27.847Z,1,32,2,0,0,0
00245-mth-253-linked-detail-unit-5-written-homework-assignment,2053263,MTH-253,linked_detail,linked_detail,https://canvas.oregonstate.edu/courses/2053263/assignments/10553183,https://canvas.oregonstate.edu/courses/2053263/assignments/10553183,Unit 5 - Written Homework Assignment,assignment,10553183,1,,,raw_html/00245-mth-253-linked-detail-unit-5-written-homework-assignment.html,text/00245-mth-253-linked-detail-unit-5-written-homework-assignment.txt,text/00245-mth-253-linked-detail-unit-5-written-homework-assignment.fulltext.txt,markdown/00245-mth-253-linked-detail-unit-5-written-homework-assignment.md,,metadata/00245-mth-253-linked-detail-unit-5-written-homework-assignment.json,2223d6caeb918ec76683ed927aab98c595a22669ba2d43d81277e7b96f361582,3d19adb063a5fc4b90cca5f76b794b48297cf8639592b725283e93afe62cce69,2026-07-18T06:21:30.394Z,2,57,2,0,0,0
00246-mth-253-linked-detail-week-10-web-homework-working-with-taylor-series,2053263,MTH-253,linked_detail,linked_detail,https://canvas.oregonstate.edu/courses/2053263/assignments/10584439,https://canvas.oregonstate.edu/courses/2053263/assignments/10584439,Week 10 Web Homework: Working with Taylor Series,assignment,10584439,1,,yes,raw_html/00246-mth-253-linked-detail-week-10-web-homework-working-with-taylor-series.html,text/00246-mth-253-linked-detail-week-10-web-homework-working-with-taylor-series.txt,text/00246-mth-253-linked-detail-week-10-web-homework-working-with-taylor-series.fulltext.txt,markdown/00246-mth-253-linked-detail-week-10-web-homework-working-with-taylor-series.md,,metadata/00246-mth-253-linked-detail-week-10-web-homework-working-with-taylor-series.json,067fb72f59c869c68e5b1ac49ae0b99908fde895254153f5f705c7ce6fe8bc24,61e5611659a41e269b0da8be94ebf6fd40002e9eede8c737f418fac3a32759e8,2026-07-18T06:21:33.005Z,2,55,2,0,0,0
00247-mth-253-linked-detail-final-exam-sequences-and-series-mth-253z-400-u2026,2053263,MTH-253,linked_detail,linked_detail,https://canvas.oregonstate.edu/courses/2053263/assignments/10553169,https://canvas.oregonstate.edu/courses/2053263/quizzes/3159588,Final Exam: SEQUENCES AND SERIES (MTH_253Z_400_U2026),quiz,3159588,1,yes,,raw_html/00247-mth-253-linked-detail-final-exam-sequences-and-series-mth-253z-400-u2026.html,text/00247-mth-253-linked-detail-final-exam-sequences-and-series-mth-253z-400-u2026.txt,text/00247-mth-253-linked-detail-final-exam-sequences-and-series-mth-253z-400-u2026.fulltext.txt,markdown/00247-mth-253-linked-detail-final-exam-sequences-and-series-mth-253z-400-u2026.md,,metadata/00247-mth-253-linked-detail-final-exam-sequences-and-series-mth-253z-400-u2026.json,bd857c35c60fa3acf87091f8bbf0250bbd7f2843341a946b78d17fd44dda71a6,ddbd7e0d9dd29f75ceaebe4f087f57abd85b3fce391efc8a8934456f3625a945,2026-07-18T06:21:35.795Z,1,30,2,0,0,0
00248-mth-253-linked-detail-topic-general-q-a-discussion,2053263,MTH-253,linked_detail,linked_detail,https://canvas.oregonstate.edu/courses/2053263/discussion_topics/11558499,https://canvas.oregonstate.edu/courses/2053263/discussion_topics/11558499,Topic: General Q&A Discussion,discussion,11558499,1,,,raw_html/00248-mth-253-linked-detail-topic-general-q-a-discussion.html,text/00248-mth-253-linked-detail-topic-general-q-a-discussion.txt,text/00248-mth-253-linked-detail-topic-general-q-a-discussion.fulltext.txt,markdown/00248-mth-253-linked-detail-topic-general-q-a-discussion.md,,metadata/00248-mth-253-linked-detail-topic-general-q-a-discussion.json,1c2c00bdb796227cfde5c654d4412bbffdacf5c46aeff668c79288608963aa2d,e3b0c44298fc1c149afbf4c8996fb92427ae41e4649b934ca495991b7852b855,2026-07-18T06:21:38.401Z,0,30,2,0,0,0
00249-mth-253-linked-detail-topic-unit-1-discussion-board-submitted-in-week-1-required,2053263,MTH-253,linked_detail,linked_detail,https://canvas.oregonstate.edu/courses/2053263/discussion_topics/11558498,https://canvas.oregonstate.edu/courses/2053263/discussion_topics/11558498,Topic: Unit 1 Discussion Board - Submitted in Week 1 (Required),discussion,11558498,1,,,raw_html/00249-mth-253-linked-detail-topic-unit-1-discussion-board-submitted-in-week-1-required.html,text/00249-mth-253-linked-detail-topic-unit-1-discussion-board-submitted-in-week-1-required.txt,text/00249-mth-253-linked-detail-topic-unit-1-discussion-board-submitted-in-week-1-required.fulltext.txt,markdown/00249-mth-253-linked-detail-topic-unit-1-discussion-board-submitted-in-week-1-required.md,,metadata/00249-mth-253-linked-detail-topic-unit-1-discussion-board-submitted-in-week-1-required.json,7c9a023776887277e95d6983ed77b48e58ff6d166a952c5e853d70d260b1cd71,e3b0c44298fc1c149afbf4c8996fb92427ae41e4649b934ca495991b7852b855,2026-07-18T06:21:41.243Z,0,30,2,0,0,0
00250-mth-253-linked-detail-topic-unit-3-discussion-board-submitted-in-week-6-required,2053263,MTH-253,linked_detail,linked_detail,https://canvas.oregonstate.edu/courses/2053263/discussion_topics/11558497,https://canvas.oregonstate.edu/courses/2053263/discussion_topics/11558497,Topic: Unit 3 Discussion Board - Submitted in Week 6 (Required),discussion,11558497,1,,,raw_html/00250-mth-253-linked-detail-topic-unit-3-discussion-board-submitted-in-week-6-required.html,text/00250-mth-253-linked-detail-topic-unit-3-discussion-board-submitted-in-week-6-required.txt,text/00250-mth-253-linked-detail-topic-unit-3-discussion-board-submitted-in-week-6-required.fulltext.txt,markdown/00250-mth-253-linked-detail-topic-unit-3-discussion-board-submitted-in-week-6-required.md,,metadata/00250-mth-253-linked-detail-topic-unit-3-discussion-board-submitted-in-week-6-required.json,79a7f493596f0be3a3612287e633529f163210281d56c55ba45528f73baaf1cc,e3b0c44298fc1c149afbf4c8996fb92427ae41e4649b934ca495991b7852b855,2026-07-18T06:21:43.795Z,0,30,2,0,0,0
00251-mth-253-linked-detail-topic-unit-4-discussion-board-submitted-in-week-9-required,2053263,MTH-253,linked_detail,linked_detail,https://canvas.oregonstate.edu/courses/2053263/discussion_topics/11558496,https://canvas.oregonstate.edu/courses/2053263/discussion_topics/11558496,Topic: Unit 4 Discussion Board - Submitted in Week 9 (Required),discussion,11558496,1,,,raw_html/00251-mth-253-linked-detail-topic-unit-4-discussion-board-submitted-in-week-9-required.html,text/00251-mth-253-linked-detail-topic-unit-4-discussion-board-submitted-in-week-9-required.txt,text/00251-mth-253-linked-detail-topic-unit-4-discussion-board-submitted-in-week-9-required.fulltext.txt,markdown/00251-mth-253-linked-detail-topic-unit-4-discussion-board-submitted-in-week-9-required.md,,metadata/00251-mth-253-linked-detail-topic-unit-4-discussion-board-submitted-in-week-9-required.json,f9886db7f56bed2a344fac3f9a02da7024f272bcffd2a1e014c0ccc6c0adb9b1,e3b0c44298fc1c149afbf4c8996fb92427ae41e4649b934ca495991b7852b855,2026-07-18T06:21:46.894Z,0,30,2,0,0,0
00252-mth-253-linked-detail-topic-unit-3-q-a-discussion-board-optional,2053263,MTH-253,linked_detail,linked_detail,https://canvas.oregonstate.edu/courses/2053263/discussion_topics/11558492,https://canvas.oregonstate.edu/courses/2053263/discussion_topics/11558492,Topic: Unit 3 - Q&A Discussion Board (Optional),discussion,11558492,1,,,raw_html/00252-mth-253-linked-detail-topic-unit-3-q-a-discussion-board-optional.html,text/00252-mth-253-linked-detail-topic-unit-3-q-a-discussion-board-optional.txt,text/00252-mth-253-linked-detail-topic-unit-3-q-a-discussion-board-optional.fulltext.txt,markdown/00252-mth-253-linked-detail-topic-unit-3-q-a-discussion-board-optional.md,,metadata/00252-mth-253-linked-detail-topic-unit-3-q-a-discussion-board-optional.json,2bda992882319a4fd942e647c8c7c6a6637226890601929a74ae722df041758b,0226639ff72d78f73f430b5d4cba48ea5ab3b9cfc9d4af7c065a9b483e39e5d8,2026-07-18T06:21:49.607Z,0,32,2,0,0,0
00253-mth-253-linked-detail-topic-unit-2-q-a-discussion-board-optional,2053263,MTH-253,linked_detail,linked_detail,https://canvas.oregonstate.edu/courses/2053263/discussion_topics/11558491,https://canvas.oregonstate.edu/courses/2053263/discussion_topics/11558491,Topic: Unit 2 - Q&A Discussion Board (Optional),discussion,11558491,1,,,raw_html/00253-mth-253-linked-detail-topic-unit-2-q-a-discussion-board-optional.html,text/00253-mth-253-linked-detail-topic-unit-2-q-a-discussion-board-optional.txt,text/00253-mth-253-linked-detail-topic-unit-2-q-a-discussion-board-optional.fulltext.txt,markdown/00253-mth-253-linked-detail-topic-unit-2-q-a-discussion-board-optional.md,,metadata/00253-mth-253-linked-detail-topic-unit-2-q-a-discussion-board-optional.json,e708e1d597dd0244f797c9632bc92e4a72a4ee423118866f9705f71e900eb2d5,e3b0c44298fc1c149afbf4c8996fb92427ae41e4649b934ca495991b7852b855,2026-07-18T06:21:52.194Z,0,30,2,0,0,0
00254-mth-253-linked-detail-topic-unit-1-q-a-discussion-board-optional,2053263,MTH-253,linked_detail,linked_detail,https://canvas.oregonstate.edu/courses/2053263/discussion_topics/11558490,https://canvas.oregonstate.edu/courses/2053263/discussion_topics/11558490,Topic: Unit 1 - Q&A Discussion Board (Optional),discussion,11558490,1,,,raw_html/00254-mth-253-linked-detail-topic-unit-1-q-a-discussion-board-optional.html,text/00254-mth-253-linked-detail-topic-unit-1-q-a-discussion-board-optional.txt,text/00254-mth-253-linked-detail-topic-unit-1-q-a-discussion-board-optional.fulltext.txt,markdown/00254-mth-253-linked-detail-topic-unit-1-q-a-discussion-board-optional.md,,metadata/00254-mth-253-linked-detail-topic-unit-1-q-a-discussion-board-optional.json,35ab834ba88ea05f31648640908567c1c9078e305867bbff100a72800c3bcbac,e3b0c44298fc1c149afbf4c8996fb92427ae41e4649b934ca495991b7852b855,2026-07-18T06:21:55.943Z,0,30,2,0,0,0
00255-mth-253-linked-detail-topic-preparing-for-your-final-exam-q-a-discussion-board-optional,2053263,MTH-253,linked_detail,linked_detail,https://canvas.oregonstate.edu/courses/2053263/discussion_topics/11558495,https://canvas.oregonstate.edu/courses/2053263/discussion_topics/11558495,Topic: Preparing for your Final Exam - Q&A Discussion Board (Optional),discussion,11558495,1,,,raw_html/00255-mth-253-linked-detail-topic-preparing-for-your-final-exam-q-a-discussion-board-optional.html,text/00255-mth-253-linked-detail-topic-preparing-for-your-final-exam-q-a-discussion-board-optional.txt,text/00255-mth-253-linked-detail-topic-preparing-for-your-final-exam-q-a-discussion-board-optional.fulltext.txt,markdown/00255-mth-253-linked-detail-topic-preparing-for-your-final-exam-q-a-discussion-board-optional.md,,metadata/00255-mth-253-linked-detail-topic-preparing-for-your-final-exam-q-a-discussion-board-optional.json,45ab965dbf04eca008b74e08ff3537a18ffd71b0f46c5cb170100609d2b70fd6,e3b0c44298fc1c149afbf4c8996fb92427ae41e4649b934ca495991b7852b855,2026-07-18T06:21:58.892Z,0,30,2,0,0,0
00256-mth-253-linked-detail-topic-unit-5-q-a-discussion-board-optional,2053263,MTH-253,linked_detail,linked_detail,https://canvas.oregonstate.edu/courses/2053263/discussion_topics/11558494,https://canvas.oregonstate.edu/courses/2053263/discussion_topics/11558494,Topic: Unit 5 - Q&A Discussion Board (Optional),discussion,11558494,1,,,raw_html/00256-mth-253-linked-detail-topic-unit-5-q-a-discussion-board-optional.html,text/00256-mth-253-linked-detail-topic-unit-5-q-a-discussion-board-optional.txt,text/00256-mth-253-linked-detail-topic-unit-5-q-a-discussion-board-optional.fulltext.txt,markdown/00256-mth-253-linked-detail-topic-unit-5-q-a-discussion-board-optional.md,,metadata/00256-mth-253-linked-detail-topic-unit-5-q-a-discussion-board-optional.json,3afe1d093b347ec238e706be68981cf2d0dbf4b21176751deb447a2bc458dbc5,e3b0c44298fc1c149afbf4c8996fb92427ae41e4649b934ca495991b7852b855,2026-07-18T06:22:01.497Z,0,30,2,0,0,0
00257-mth-253-linked-detail-topic-unit-4-q-a-discussion-board-optional,2053263,MTH-253,linked_detail,linked_detail,https://canvas.oregonstate.edu/courses/2053263/discussion_topics/11558493,https://canvas.oregonstate.edu/courses/2053263/discussion_topics/11558493,Topic: Unit 4 - Q&A Discussion Board (Optional),discussion,11558493,1,,,raw_html/00257-mth-253-linked-detail-topic-unit-4-q-a-discussion-board-optional.html,text/00257-mth-253-linked-detail-topic-unit-4-q-a-discussion-board-optional.txt,text/00257-mth-253-linked-detail-topic-unit-4-q-a-discussion-board-optional.fulltext.txt,markdown/00257-mth-253-linked-detail-topic-unit-4-q-a-discussion-board-optional.md,,metadata/00257-mth-253-linked-detail-topic-unit-4-q-a-discussion-board-optional.json,e1a9c58b56c027ebc870225f7f122d22d551053cef801775571b0679ad0ec849,e3b0c44298fc1c149afbf4c8996fb92427ae41e4649b934ca495991b7852b855,2026-07-18T06:22:04.348Z,0,30,2,0,0,0
00258-mth-253-linked-detail-unit-1-quiz-sequences-and-series-mth-253z-400-u2026,2053263,MTH-253,linked_detail,linked_detail,https://canvas.oregonstate.edu/courses/2053263/quizzes/3159593,https://canvas.oregonstate.edu/courses/2053263/quizzes/3159593,Unit 1 Quiz: SEQUENCES AND SERIES (MTH_253Z_400_U2026),quiz,3159593,1,,,raw_html/00258-mth-253-linked-detail-unit-1-quiz-sequences-and-series-mth-253z-400-u2026.html,text/00258-mth-253-linked-detail-unit-1-quiz-sequences-and-series-mth-253z-400-u2026.txt,text/00258-mth-253-linked-detail-unit-1-quiz-sequences-and-series-mth-253z-400-u2026.fulltext.txt,markdown/00258-mth-253-linked-detail-unit-1-quiz-sequences-and-series-mth-253z-400-u2026.md,,metadata/00258-mth-253-linked-detail-unit-1-quiz-sequences-and-series-mth-253z-400-u2026.json,7541f8d848c26534054580bd28fa06dcdfba02b21f723987db6b0f19ab787364,560002bcfc9a3c003051360dd08395b35258fe45f14cb60a6e68efbc2d683add,2026-07-18T06:22:07.095Z,5,32,2,0,0,0
00259-mth-253-linked-detail-unit-2-quiz-sequences-and-series-mth-253z-400-u2026,2053263,MTH-253,linked_detail,linked_detail,https://canvas.oregonstate.edu/courses/2053263/quizzes/3159592,https://canvas.oregonstate.edu/courses/2053263/quizzes/3159592,Unit 2 Quiz: SEQUENCES AND SERIES (MTH_253Z_400_U2026),quiz,3159592,1,,,raw_html/00259-mth-253-linked-detail-unit-2-quiz-sequences-and-series-mth-253z-400-u2026.html,text/00259-mth-253-linked-detail-unit-2-quiz-sequences-and-series-mth-253z-400-u2026.txt,text/00259-mth-253-linked-detail-unit-2-quiz-sequences-and-series-mth-253z-400-u2026.fulltext.txt,markdown/00259-mth-253-linked-detail-unit-2-quiz-sequences-and-series-mth-253z-400-u2026.md,,metadata/00259-mth-253-linked-detail-unit-2-quiz-sequences-and-series-mth-253z-400-u2026.json,fbd1b9ec9837f8ec8cc1ba5a1c043daae97c9777485618e4db2ee26733b5bf35,fc5a93174c51e2116e0cfc575c0e80da707bf92bac80b1a2b7e260e7d8e7c6f1,2026-07-18T06:22:09.655Z,5,30,2,0,0,0
00260-mth-253-linked-detail-unit-3-quiz-sequences-and-series-mth-253z-400-u2026,2053263,MTH-253,linked_detail,linked_detail,https://canvas.oregonstate.edu/courses/2053263/quizzes/3159589,https://canvas.oregonstate.edu/courses/2053263/quizzes/3159589,Unit 3 Quiz: SEQUENCES AND SERIES (MTH_253Z_400_U2026),quiz,3159589,1,,,raw_html/00260-mth-253-linked-detail-unit-3-quiz-sequences-and-series-mth-253z-400-u2026.html,text/00260-mth-253-linked-detail-unit-3-quiz-sequences-and-series-mth-253z-400-u2026.txt,text/00260-mth-253-linked-detail-unit-3-quiz-sequences-and-series-mth-253z-400-u2026.fulltext.txt,markdown/00260-mth-253-linked-detail-unit-3-quiz-sequences-and-series-mth-253z-400-u2026.md,,metadata/00260-mth-253-linked-detail-unit-3-quiz-sequences-and-series-mth-253z-400-u2026.json,3689aab5985ab858c1bf01ad0659a1037e550eab502d41081907cb0438008e4b,042eca4d0dec49d461899a7fbdf178ebd725b2929f8b2a0e4a4cd0ef920a7ee0,2026-07-18T06:22:12.604Z,1,32,2,0,0,0
00261-mth-253-linked-detail-unit-4-quiz-sequences-and-series-mth-253z-400-u2026,2053263,MTH-253,linked_detail,linked_detail,https://canvas.oregonstate.edu/courses/2053263/quizzes/3159590,https://canvas.oregonstate.edu/courses/2053263/quizzes/3159590,Unit 4 Quiz: SEQUENCES AND SERIES (MTH_253Z_400_U2026),quiz,3159590,1,,,raw_html/00261-mth-253-linked-detail-unit-4-quiz-sequences-and-series-mth-253z-400-u2026.html,text/00261-mth-253-linked-detail-unit-4-quiz-sequences-and-series-mth-253z-400-u2026.txt,text/00261-mth-253-linked-detail-unit-4-quiz-sequences-and-series-mth-253z-400-u2026.fulltext.txt,markdown/00261-mth-253-linked-detail-unit-4-quiz-sequences-and-series-mth-253z-400-u2026.md,,metadata/00261-mth-253-linked-detail-unit-4-quiz-sequences-and-series-mth-253z-400-u2026.json,089a525fb1d93ab1eb21f757d050ce8cc4d11e3bdea44418b7a35393b76ff0f9,86263bbfa83ed4cd2d58b9badbc14a4b179b6649152943703329e11a67cdfda6,2026-07-18T06:22:15.144Z,1,32,2,0,0,0
00262-mth-253-linked-detail-final-exam-sequences-and-series-mth-253z-400-u2026,2053263,MTH-253,linked_detail,linked_detail,https://canvas.oregonstate.edu/courses/2053263/quizzes/3159588,https://canvas.oregonstate.edu/courses/2053263/quizzes/3159588,Final Exam: SEQUENCES AND SERIES (MTH_253Z_400_U2026),quiz,3159588,1,,,raw_html/00262-mth-253-linked-detail-final-exam-sequences-and-series-mth-253z-400-u2026.html,text/00262-mth-253-linked-detail-final-exam-sequences-and-series-mth-253z-400-u2026.txt,text/00262-mth-253-linked-detail-final-exam-sequences-and-series-mth-253z-400-u2026.fulltext.txt,markdown/00262-mth-253-linked-detail-final-exam-sequences-and-series-mth-253z-400-u2026.md,,metadata/00262-mth-253-linked-detail-final-exam-sequences-and-series-mth-253z-400-u2026.json,4e1bd0dc3cb68f303a06c54628ed938a6f5c31e3ce97fb42f994a4f6b1530230,5a6b8b4f924f58a5cdb54e5890109eb0c65accd6aaac50c2c142714612176343,2026-07-18T06:22:17.752Z,1,31,2,0,0,0
00263-mth-253-linked-detail-practice-quiz-take-it-before-attempting-quiz-1-sequences-and-series-mth-253z-400-u2026,2053263,MTH-253,linked_detail,linked_detail,https://canvas.oregonstate.edu/courses/2053263/quizzes/3166971,https://canvas.oregonstate.edu/courses/2053263/quizzes/3166971,Practice Quiz (take it before attempting Quiz 1!): SEQUENCES AND SERIES (MTH_253Z_400_U2026),quiz,3166971,1,,,raw_html/00263-mth-253-linked-detail-practice-quiz-take-it-before-attempting-quiz-1-sequences-and-series-mth-253z-400-u2026.html,text/00263-mth-253-linked-detail-practice-quiz-take-it-before-attempting-quiz-1-sequences-and-series-mth-253z-400-u2026.txt,text/00263-mth-253-linked-detail-practice-quiz-take-it-before-attempting-quiz-1-sequences-and-series-mth-253z-400-u2026.fulltext.txt,markdown/00263-mth-253-linked-detail-practice-quiz-take-it-before-attempting-quiz-1-sequences-and-series-mth-253z-400-u2026.md,,metadata/00263-mth-253-linked-detail-practice-quiz-take-it-before-attempting-quiz-1-sequences-and-series-mth-253z-400-u2026.json,e846f6f0d88a2814b99b886d08ee7223a7b0bf7ef3e3f231383f4d1ebe5eea62,49f664b940b0859de7111af4967691da4e410eb48f6113d8384370c4c6f89e8e,2026-07-18T06:22:20.597Z,6,44,2,0,0,0
00264-phy-212-module-item-start-here-overview-general-physics-with-calculus-ph-212-400-u2026,2053526,PHY-212,module_item,module_item,https://canvas.oregonstate.edu/courses/2053526/modules/items/26896930,https://canvas.oregonstate.edu/courses/2053526/pages/start-here-overview?module_item_id=26896930,Start Here - Overview: GENERAL PHYSICS WITH CALCULUS (PH_212_400_U2026),page,start-here-overview,1,yes,yes,raw_html/00264-phy-212-module-item-start-here-overview-general-physics-with-calculus-ph-212-400-u2026.html,text/00264-phy-212-module-item-start-here-overview-general-physics-with-calculus-ph-212-400-u2026.txt,text/00264-phy-212-module-item-start-here-overview-general-physics-with-calculus-ph-212-400-u2026.fulltext.txt,markdown/00264-phy-212-module-item-start-here-overview-general-physics-with-calculus-ph-212-400-u2026.md,,metadata/00264-phy-212-module-item-start-here-overview-general-physics-with-calculus-ph-212-400-u2026.json,5ace67eaa81b19401ef57f96d96158832182e95b963b5e24b43ba019db393cc5,5017b02abb61898cd5ac3b0b289e4b0823bfe4e3cfbfbbd9141da298d8fad6da,2026-07-18T06:22:23.646Z,1,34,3,0,0,0
00265-phy-212-module-item-instructor-information-communication-policy-general-physics-with-calculus-ph-212-400-u2026,2053526,PHY-212,module_item,module_item,https://canvas.oregonstate.edu/courses/2053526/modules/items/26896931,https://canvas.oregonstate.edu/courses/2053526/pages/instructor-information-and-communication-policy?module_item_id=26896931,Instructor Information & Communication Policy: GENERAL PHYSICS WITH CALCULUS (PH_212_400_U2026),page,instructor-information-and-communication-policy,1,yes,,raw_html/00265-phy-212-module-item-instructor-information-communication-policy-general-physics-with-calculus-ph-212-400-u2026.html,text/00265-phy-212-module-item-instructor-information-communication-policy-general-physics-with-calculus-ph-212-400-u2026.txt,text/00265-phy-212-module-item-instructor-information-communication-policy-general-physics-with-calculus-ph-212-400-u2026.fulltext.txt,markdown/00265-phy-212-module-item-instructor-information-communication-policy-general-physics-with-calculus-ph-212-400-u2026.md,,metadata/00265-phy-212-module-item-instructor-information-communication-policy-general-physics-with-calculus-ph-212-400-u2026.json,76dec34ec33345ff47a12c3fb7e10962114499c485e1e819e064446e4b530839,b28caf6e031886ae112019adbff5277d3133f607f17fae569ba3b8dd866cb9b1,2026-07-18T06:22:26.597Z,3,35,2,0,0,0
00266-phy-212-module-item-where-to-go-for-help-general-physics-with-calculus-ph-212-400-u2026,2053526,PHY-212,module_item,module_item,https://canvas.oregonstate.edu/courses/2053526/modules/items/26896932,https://canvas.oregonstate.edu/courses/2053526/pages/where-to-go-for-help?module_item_id=26896932,Where to go for help?: GENERAL PHYSICS WITH CALCULUS (PH_212_400_U2026),page,where-to-go-for-help,1,yes,,raw_html/00266-phy-212-module-item-where-to-go-for-help-general-physics-with-calculus-ph-212-400-u2026.html,text/00266-phy-212-module-item-where-to-go-for-help-general-physics-with-calculus-ph-212-400-u2026.txt,text/00266-phy-212-module-item-where-to-go-for-help-general-physics-with-calculus-ph-212-400-u2026.fulltext.txt,markdown/00266-phy-212-module-item-where-to-go-for-help-general-physics-with-calculus-ph-212-400-u2026.md,,metadata/00266-phy-212-module-item-where-to-go-for-help-general-physics-with-calculus-ph-212-400-u2026.json,4a257753e108d6e2b465b57275c92e4023447a625ac6a9c886c3f6ea89e68624,32a0e4d1b9f00e401280a29c6c231ff4cfd9d53888777408c7571d0dee111f1c,2026-07-18T06:22:29.312Z,4,38,2,0,0,0
00267-phy-212-module-item-accessibility-statements-privacy-policies-general-physics-with-calculus-ph-212-400-u2026,2053526,PHY-212,module_item,module_item,https://canvas.oregonstate.edu/courses/2053526/modules/items/26896933,https://canvas.oregonstate.edu/courses/2053526/pages/accessibility-statements-and-privacy-policies?module_item_id=26896933,Accessibility Statements & Privacy Policies: GENERAL PHYSICS WITH CALCULUS (PH_212_400_U2026),page,accessibility-statements-and-privacy-policies,1,yes,,raw_html/00267-phy-212-module-item-accessibility-statements-privacy-policies-general-physics-with-calculus-ph-212-400-u2026.html,text/00267-phy-212-module-item-accessibility-statements-privacy-policies-general-physics-with-calculus-ph-212-400-u2026.txt,text/00267-phy-212-module-item-accessibility-statements-privacy-policies-general-physics-with-calculus-ph-212-400-u2026.fulltext.txt,markdown/00267-phy-212-module-item-accessibility-statements-privacy-policies-general-physics-with-calculus-ph-212-400-u2026.md,,metadata/00267-phy-212-module-item-accessibility-statements-privacy-policies-general-physics-with-calculus-ph-212-400-u2026.json,19f5142c78c0ea051e603ae2d1a0146a7e31a2625c91af16abab4bc3d6970029,da6e84cf8a26780d615fb0c54271d74bf27b93f038e751d3dc682970827e87a2,2026-07-18T06:22:31.804Z,3,37,2,0,0,0
00268-phy-212-module-item-sources-cited-general-physics-with-calculus-ph-212-400-u2026,2053526,PHY-212,module_item,module_item,https://canvas.oregonstate.edu/courses/2053526/modules/items/26896934,https://canvas.oregonstate.edu/courses/2053526/pages/sources-cited?module_item_id=26896934,Sources Cited: GENERAL PHYSICS WITH CALCULUS (PH_212_400_U2026),page,sources-cited,1,yes,,raw_html/00268-phy-212-module-item-sources-cited-general-physics-with-calculus-ph-212-400-u2026.html,text/00268-phy-212-module-item-sources-cited-general-physics-with-calculus-ph-212-400-u2026.txt,text/00268-phy-212-module-item-sources-cited-general-physics-with-calculus-ph-212-400-u2026.fulltext.txt,markdown/00268-phy-212-module-item-sources-cited-general-physics-with-calculus-ph-212-400-u2026.md,,metadata/00268-phy-212-module-item-sources-cited-general-physics-with-calculus-ph-212-400-u2026.json,7d534fe001b76d3b42583099de13fc1c1d1f54c62b8049d8058c5047c99cfc44,d25746a69b2be8e67cfca8ccdf1c92f6645647e03303995c3e627a92bc9d0c95,2026-07-18T06:22:34.442Z,2,35,2,0,0,0
00269-phy-212-module-item-start-here-conclusion-general-physics-with-calculus-ph-212-400-u2026,2053526,PHY-212,module_item,module_item,https://canvas.oregonstate.edu/courses/2053526/modules/items/26896935,https://canvas.oregonstate.edu/courses/2053526/pages/start-here-conclusion?module_item_id=26896935,Start Here - Conclusion: GENERAL PHYSICS WITH CALCULUS (PH_212_400_U2026),page,start-here-conclusion,1,yes,,raw_html/00269-phy-212-module-item-start-here-conclusion-general-physics-with-calculus-ph-212-400-u2026.html,text/00269-phy-212-module-item-start-here-conclusion-general-physics-with-calculus-ph-212-400-u2026.txt,text/00269-phy-212-module-item-start-here-conclusion-general-physics-with-calculus-ph-212-400-u2026.fulltext.txt,markdown/00269-phy-212-module-item-start-here-conclusion-general-physics-with-calculus-ph-212-400-u2026.md,,metadata/00269-phy-212-module-item-start-here-conclusion-general-physics-with-calculus-ph-212-400-u2026.json,ef8a318d55e3c3de1d30227f3331cd71141273d7f994e88da26007aaed102145,9b5eb4c41f1af028c31680051fbfb8c494d7dc7ed9f88d05a9d4f9c7e180c5d6,2026-07-18T06:22:36.995Z,1,35,2,0,0,0
00270-phy-212-module-item-general-information-general-physics-with-calculus-ph-212-400-u2026,2053526,PHY-212,module_item,module_item,https://canvas.oregonstate.edu/courses/2053526/modules/items/26896936,https://canvas.oregonstate.edu/courses/2053526/pages/general-information?module_item_id=26896936,General information: GENERAL PHYSICS WITH CALCULUS (PH_212_400_U2026),page,general-information,1,yes,,raw_html/00270-phy-212-module-item-general-information-general-physics-with-calculus-ph-212-400-u2026.html,text/00270-phy-212-module-item-general-information-general-physics-with-calculus-ph-212-400-u2026.txt,text/00270-phy-212-module-item-general-information-general-physics-with-calculus-ph-212-400-u2026.fulltext.txt,markdown/00270-phy-212-module-item-general-information-general-physics-with-calculus-ph-212-400-u2026.md,,metadata/00270-phy-212-module-item-general-information-general-physics-with-calculus-ph-212-400-u2026.json,571e75d06c0de8c9dd2972b962c577b44736ff0cf7b4c5bbe8b77ec96315f6de,160cfd1bfc60349e09de60fcbac674484471660a8f62a8519a51fb8d8b007ce3,2026-07-18T06:22:39.594Z,1,38,2,0,0,0
00271-phy-212-module-item-syllabus-u2026-pdf-general-physics-with-calculus-ph-212-400-u2026,2053526,PHY-212,module_item,module_item,https://canvas.oregonstate.edu/courses/2053526/modules/items/26992777,https://canvas.oregonstate.edu/courses/2053526/files/119369072?module_item_id=26992777,syllabus_U2026.pdf: GENERAL PHYSICS WITH CALCULUS (PH_212_400_U2026),file,119369072,1,yes,,raw_html/00271-phy-212-module-item-syllabus-u2026-pdf-general-physics-with-calculus-ph-212-400-u2026.html,text/00271-phy-212-module-item-syllabus-u2026-pdf-general-physics-with-calculus-ph-212-400-u2026.txt,text/00271-phy-212-module-item-syllabus-u2026-pdf-general-physics-with-calculus-ph-212-400-u2026.fulltext.txt,markdown/00271-phy-212-module-item-syllabus-u2026-pdf-general-physics-with-calculus-ph-212-400-u2026.md,,metadata/00271-phy-212-module-item-syllabus-u2026-pdf-general-physics-with-calculus-ph-212-400-u2026.json,a1e2eb81d28878721e7563741bf6852d0d7146f290a45c11889839dc5b523996,b410bf2fd43cd103fa4225a2a0503cd5aac35f062cc5ed8a1dfa629e390bbc8d,2026-07-18T06:22:42.092Z,1,36,3,0,0,0
00272-phy-212-module-item-zoom-info-general-physics-with-calculus-ph-212-400-u2026,2053526,PHY-212,module_item,module_item,https://canvas.oregonstate.edu/courses/2053526/modules/items/26896938,https://canvas.oregonstate.edu/courses/2053526/pages/zoom-info?module_item_id=26896938,Zoom info: GENERAL PHYSICS WITH CALCULUS (PH_212_400_U2026),page,zoom-info,1,yes,,raw_html/00272-phy-212-module-item-zoom-info-general-physics-with-calculus-ph-212-400-u2026.html,text/00272-phy-212-module-item-zoom-info-general-physics-with-calculus-ph-212-400-u2026.txt,text/00272-phy-212-module-item-zoom-info-general-physics-with-calculus-ph-212-400-u2026.fulltext.txt,markdown/00272-phy-212-module-item-zoom-info-general-physics-with-calculus-ph-212-400-u2026.md,,metadata/00272-phy-212-module-item-zoom-info-general-physics-with-calculus-ph-212-400-u2026.json,0fca2dd3a9223da72b63c024012b30a5055aefaa3c966fa9f01b3e233ef4b080,62253015d9dccfefa90389866d538b21165c184e543061ad5d702091467cabf8,2026-07-18T06:22:46.696Z,1,35,2,0,0,0
00273-phy-212-module-item-announcements-general-physics-with-calculus-ph-212-400-u2026,2053526,PHY-212,module_item,module_item,https://canvas.oregonstate.edu/courses/2053526/modules/items/26896939,https://canvas.oregonstate.edu/courses/2053526/pages/announcements?module_item_id=26896939,Announcements: GENERAL PHYSICS WITH CALCULUS (PH_212_400_U2026),page,announcements,1,yes,,raw_html/00273-phy-212-module-item-announcements-general-physics-with-calculus-ph-212-400-u2026.html,text/00273-phy-212-module-item-announcements-general-physics-with-calculus-ph-212-400-u2026.txt,text/00273-phy-212-module-item-announcements-general-physics-with-calculus-ph-212-400-u2026.fulltext.txt,markdown/00273-phy-212-module-item-announcements-general-physics-with-calculus-ph-212-400-u2026.md,,metadata/00273-phy-212-module-item-announcements-general-physics-with-calculus-ph-212-400-u2026.json,be0a7e607fca53dcc383703bd5c74ab77cf893b8a147bbe12355c2782a59d16b,89461e4e8538a0cd72432539e8f5c7ee0062ff77d74a7bacbfe315336afb5024,2026-07-18T06:22:49.367Z,1,35,2,0,0,0
00274-phy-212-module-item-ta-info-scheduler-general-physics-with-calculus-ph-212-400-u2026,2053526,PHY-212,module_item,module_item,https://canvas.oregonstate.edu/courses/2053526/modules/items/26896940,https://canvas.oregonstate.edu/courses/2053526/pages/ta-info-and-scheduler?module_item_id=26896940,TA Info & Scheduler: GENERAL PHYSICS WITH CALCULUS (PH_212_400_U2026),page,ta-info-and-scheduler,1,yes,,raw_html/00274-phy-212-module-item-ta-info-scheduler-general-physics-with-calculus-ph-212-400-u2026.html,text/00274-phy-212-module-item-ta-info-scheduler-general-physics-with-calculus-ph-212-400-u2026.txt,text/00274-phy-212-module-item-ta-info-scheduler-general-physics-with-calculus-ph-212-400-u2026.fulltext.txt,markdown/00274-phy-212-module-item-ta-info-scheduler-general-physics-with-calculus-ph-212-400-u2026.md,,metadata/00274-phy-212-module-item-ta-info-scheduler-general-physics-with-calculus-ph-212-400-u2026.json,150f3993b6b266f6f62bf5f8e7e7f72d288341f388db481f212877620b8b2ea5,bda180ca5640311a55d69c37b63b76f9919fcd10bcdc7d5ac73fdcc3762c3707,2026-07-18T06:22:52.048Z,3,47,2,0,0,0
00275-phy-212-module-item-lab-structure-and-ta-meetings-pdf-general-physics-with-calculus-ph-212-400-u2026,2053526,PHY-212,module_item,module_item,https://canvas.oregonstate.edu/courses/2053526/modules/items/27007746,https://canvas.oregonstate.edu/courses/2053526/files/119307451?module_item_id=27007746,Lab Structure and TA Meetings.pdf: GENERAL PHYSICS WITH CALCULUS (PH_212_400_U2026),file,119307451,1,yes,,raw_html/00275-phy-212-module-item-lab-structure-and-ta-meetings-pdf-general-physics-with-calculus-ph-212-400-u2026.html,text/00275-phy-212-module-item-lab-structure-and-ta-meetings-pdf-general-physics-with-calculus-ph-212-400-u2026.txt,text/00275-phy-212-module-item-lab-structure-and-ta-meetings-pdf-general-physics-with-calculus-ph-212-400-u2026.fulltext.txt,markdown/00275-phy-212-module-item-lab-structure-and-ta-meetings-pdf-general-physics-with-calculus-ph-212-400-u2026.md,,metadata/00275-phy-212-module-item-lab-structure-and-ta-meetings-pdf-general-physics-with-calculus-ph-212-400-u2026.json,788a0d2269bbcc7695537f0c4de7a0436e893d4fe7daf7c483d7afb9d9e50a49,42cb00dafd27343bf01f1de79b24893faca4a49ffecbad126d2553e735a20778,2026-07-18T06:22:55.915Z,1,38,3,0,0,0
00276-phy-212-module-item-course-webpages-general-physics-with-calculus-ph-212-400-u2026,2053526,PHY-212,module_item,module_item,https://canvas.oregonstate.edu/courses/2053526/modules/items/26896941,https://canvas.oregonstate.edu/courses/2053526/pages/course-webpages?module_item_id=26896941,Course webpages: GENERAL PHYSICS WITH CALCULUS (PH_212_400_U2026),page,course-webpages,1,yes,,raw_html/00276-phy-212-module-item-course-webpages-general-physics-with-calculus-ph-212-400-u2026.html,text/00276-phy-212-module-item-course-webpages-general-physics-with-calculus-ph-212-400-u2026.txt,text/00276-phy-212-module-item-course-webpages-general-physics-with-calculus-ph-212-400-u2026.fulltext.txt,markdown/00276-phy-212-module-item-course-webpages-general-physics-with-calculus-ph-212-400-u2026.md,,metadata/00276-phy-212-module-item-course-webpages-general-physics-with-calculus-ph-212-400-u2026.json,666eb6a751d3c6c8f7e16d49f57bafd7f6b52869149ca6db0fb28ad233ffec9b,bca4e81e9875c1a7d75e3e0741a08c05358104443d87c6507a0fcd7f6ae37e4b,2026-07-18T06:22:59.000Z,1,36,2,0,0,0
00277-phy-212-module-item-get-your-ph-211-course-materials-general-physics-with-calculus-ph-212-400-u2026,2053526,PHY-212,module_item,module_item,https://canvas.oregonstate.edu/courses/2053526/modules/items/26992779,https://canvas.oregonstate.edu/courses/2053526/pages/get-your-ph-211-course-materials-2?module_item_id=26992779,Get your PH 211 Course Materials! : GENERAL PHYSICS WITH CALCULUS (PH_212_400_U2026),page,get-your-ph-211-course-materials-2,1,yes,,raw_html/00277-phy-212-module-item-get-your-ph-211-course-materials-general-physics-with-calculus-ph-212-400-u2026.html,text/00277-phy-212-module-item-get-your-ph-211-course-materials-general-physics-with-calculus-ph-212-400-u2026.txt,text/00277-phy-212-module-item-get-your-ph-211-course-materials-general-physics-with-calculus-ph-212-400-u2026.fulltext.txt,markdown/00277-phy-212-module-item-get-your-ph-211-course-materials-general-physics-with-calculus-ph-212-400-u2026.md,,metadata/00277-phy-212-module-item-get-your-ph-211-course-materials-general-physics-with-calculus-ph-212-400-u2026.json,f640340d5776ddf433cb5f33c17732971c27a8d72befb7181d833fe5a9816419,acbb9b7cccbbfb8f847698caf7fe19c49858349c6a3051bff44ba112b946b966,2026-07-18T06:23:01.854Z,1,36,2,0,0,0
00278-phy-212-module-item-pre-lecture-partial-credit-general-physics-with-calculus-ph-212-400-u2026,2053526,PHY-212,module_item,module_item,https://canvas.oregonstate.edu/courses/2053526/modules/items/26896942,https://canvas.oregonstate.edu/courses/2053526/pages/pre-lecture-partial-credit?module_item_id=26896942,Pre-lecture partial credit: GENERAL PHYSICS WITH CALCULUS (PH_212_400_U2026),page,pre-lecture-partial-credit,1,yes,,raw_html/00278-phy-212-module-item-pre-lecture-partial-credit-general-physics-with-calculus-ph-212-400-u2026.html,text/00278-phy-212-module-item-pre-lecture-partial-credit-general-physics-with-calculus-ph-212-400-u2026.txt,text/00278-phy-212-module-item-pre-lecture-partial-credit-general-physics-with-calculus-ph-212-400-u2026.fulltext.txt,markdown/00278-phy-212-module-item-pre-lecture-partial-credit-general-physics-with-calculus-ph-212-400-u2026.md,,metadata/00278-phy-212-module-item-pre-lecture-partial-credit-general-physics-with-calculus-ph-212-400-u2026.json,2160cf5a06063add731be0d9d3fc207d4a3356f8d31b07ba98858cc3c3e3ef66,724837f6f87a8c8918cd39c74c681e4554221165a13f004917f1560267d83713,2026-07-18T06:23:04.797Z,1,34,2,0,0,0
00279-phy-212-module-item-virtual-wormhole-getting-assistance-general-physics-with-calculus-ph-212-400-u2026,2053526,PHY-212,module_item,module_item,https://canvas.oregonstate.edu/courses/2053526/modules/items/26896944,https://canvas.oregonstate.edu/courses/2053526/pages/virtual-wormhole-getting-assistance?module_item_id=26896944,Virtual Wormhole - Getting assistance: GENERAL PHYSICS WITH CALCULUS (PH_212_400_U2026),page,virtual-wormhole-getting-assistance,1,yes,,raw_html/00279-phy-212-module-item-virtual-wormhole-getting-assistance-general-physics-with-calculus-ph-212-400-u2026.html,text/00279-phy-212-module-item-virtual-wormhole-getting-assistance-general-physics-with-calculus-ph-212-400-u2026.txt,text/00279-phy-212-module-item-virtual-wormhole-getting-assistance-general-physics-with-calculus-ph-212-400-u2026.fulltext.txt,markdown/00279-phy-212-module-item-virtual-wormhole-getting-assistance-general-physics-with-calculus-ph-212-400-u2026.md,,metadata/00279-phy-212-module-item-virtual-wormhole-getting-assistance-general-physics-with-calculus-ph-212-400-u2026.json,a4905a032712b8f45adae28b13b78861a92449205e9deeba255fd4de3304e963,c3f69592378b5a0265bc04ec31fd91cc62676f55389a05022f299a531204e8a5,2026-07-18T06:23:07.599Z,1,36,2,0,0,0
00280-phy-212-module-item-scanned-text-on-reserve-at-library-general-physics-with-calculus-ph-212-400-u2026,2053526,PHY-212,module_item,module_item,https://canvas.oregonstate.edu/courses/2053526/modules/items/26896945,https://canvas.oregonstate.edu/courses/2053526/pages/scanned-text-on-reserve-at-library?module_item_id=26896945,Scanned text on reserve at library: GENERAL PHYSICS WITH CALCULUS (PH_212_400_U2026),page,scanned-text-on-reserve-at-library,1,yes,,raw_html/00280-phy-212-module-item-scanned-text-on-reserve-at-library-general-physics-with-calculus-ph-212-400-u2026.html,text/00280-phy-212-module-item-scanned-text-on-reserve-at-library-general-physics-with-calculus-ph-212-400-u2026.txt,text/00280-phy-212-module-item-scanned-text-on-reserve-at-library-general-physics-with-calculus-ph-212-400-u2026.fulltext.txt,markdown/00280-phy-212-module-item-scanned-text-on-reserve-at-library-general-physics-with-calculus-ph-212-400-u2026.md,,metadata/00280-phy-212-module-item-scanned-text-on-reserve-at-library-general-physics-with-calculus-ph-212-400-u2026.json,426eee283a6185e5565873bbf8f9a9037078c7c24794eebfbc7c81ab706b28b7,fbfc693be9d0765248d4e8e6ea61b45e29dad41df1712f35104cd47ef7b93b77,2026-07-18T06:23:10.446Z,1,34,2,0,0,0
00281-phy-212-module-item-gradescope-general-physics-with-calculus-ph-212-400-u2026,2053526,PHY-212,module_item,module_item,https://canvas.oregonstate.edu/courses/2053526/modules/items/26896946,https://canvas.oregonstate.edu/courses/2053526/pages/gradescope?module_item_id=26896946,Gradescope: GENERAL PHYSICS WITH CALCULUS (PH_212_400_U2026),page,gradescope,1,yes,,raw_html/00281-phy-212-module-item-gradescope-general-physics-with-calculus-ph-212-400-u2026.html,text/00281-phy-212-module-item-gradescope-general-physics-with-calculus-ph-212-400-u2026.txt,text/00281-phy-212-module-item-gradescope-general-physics-with-calculus-ph-212-400-u2026.fulltext.txt,markdown/00281-phy-212-module-item-gradescope-general-physics-with-calculus-ph-212-400-u2026.md,,metadata/00281-phy-212-module-item-gradescope-general-physics-with-calculus-ph-212-400-u2026.json,0010b0c128471af848920611e3a764890b992eb7f138adf7720cea71f0c5d4aa,12c9d69d172c8cf40c3ed92270465171375fc80346384130e8b8deed09d85f7c,2026-07-18T06:23:13.834Z,1,45,2,0,0,0
00282-phy-212-module-item-proctorio-setup-and-troubleshooting-general-physics-with-calculus-ph-212-400-u2026,2053526,PHY-212,module_item,module_item,https://canvas.oregonstate.edu/courses/2053526/modules/items/26896947,https://canvas.oregonstate.edu/courses/2053526/pages/proctorio-setup-and-troubleshooting?module_item_id=26896947,Proctorio setup and troubleshooting: GENERAL PHYSICS WITH CALCULUS (PH_212_400_U2026),page,proctorio-setup-and-troubleshooting,1,yes,,raw_html/00282-phy-212-module-item-proctorio-setup-and-troubleshooting-general-physics-with-calculus-ph-212-400-u2026.html,text/00282-phy-212-module-item-proctorio-setup-and-troubleshooting-general-physics-with-calculus-ph-212-400-u2026.txt,text/00282-phy-212-module-item-proctorio-setup-and-troubleshooting-general-physics-with-calculus-ph-212-400-u2026.fulltext.txt,markdown/00282-phy-212-module-item-proctorio-setup-and-troubleshooting-general-physics-with-calculus-ph-212-400-u2026.md,,metadata/00282-phy-212-module-item-proctorio-setup-and-troubleshooting-general-physics-with-calculus-ph-212-400-u2026.json,f5b7fe7d2c06c20a8facf7d234117e9fab70d96fc932ea767aeb02ca560ac4ce,7ddc1eac6d871e5eaaed8447facb9fe73a8b0dced100d0f5a22e3fc1215f3259,2026-07-18T06:23:16.801Z,1,40,2,0,0,0
00283-phy-212-module-item-opt-out-of-lab-general-physics-with-calculus-ph-212-400-u2026,2053526,PHY-212,module_item,module_item,https://canvas.oregonstate.edu/courses/2053526/modules/items/26896948,https://canvas.oregonstate.edu/courses/2053526/pages/opt-out-of-lab?module_item_id=26896948,Opt-out of lab: GENERAL PHYSICS WITH CALCULUS (PH_212_400_U2026),page,opt-out-of-lab,1,yes,,raw_html/00283-phy-212-module-item-opt-out-of-lab-general-physics-with-calculus-ph-212-400-u2026.html,text/00283-phy-212-module-item-opt-out-of-lab-general-physics-with-calculus-ph-212-400-u2026.txt,text/00283-phy-212-module-item-opt-out-of-lab-general-physics-with-calculus-ph-212-400-u2026.fulltext.txt,markdown/00283-phy-212-module-item-opt-out-of-lab-general-physics-with-calculus-ph-212-400-u2026.md,,metadata/00283-phy-212-module-item-opt-out-of-lab-general-physics-with-calculus-ph-212-400-u2026.json,f0c6aea59a4e964b6a91221958ecb666040e2add2fdb81b61214fdcc43294664,ba680a633f6c3d0b3f611b521737a0f384aad23e63aa81fda8c4940c1b61d1f0,2026-07-18T06:23:19.694Z,1,35,2,0,0,0
00284-phy-212-module-item-oer-physics-textbook-general-physics-with-calculus-ph-212-400-u2026,2053526,PHY-212,module_item,module_item,https://canvas.oregonstate.edu/courses/2053526/modules/items/26896949,https://canvas.oregonstate.edu/courses/2053526/pages/oer-physics-textbook?module_item_id=26896949,OER Physics textbook: GENERAL PHYSICS WITH CALCULUS (PH_212_400_U2026),page,oer-physics-textbook,1,yes,,raw_html/00284-phy-212-module-item-oer-physics-textbook-general-physics-with-calculus-ph-212-400-u2026.html,text/00284-phy-212-module-item-oer-physics-textbook-general-physics-with-calculus-ph-212-400-u2026.txt,text/00284-phy-212-module-item-oer-physics-textbook-general-physics-with-calculus-ph-212-400-u2026.fulltext.txt,markdown/00284-phy-212-module-item-oer-physics-textbook-general-physics-with-calculus-ph-212-400-u2026.md,,metadata/00284-phy-212-module-item-oer-physics-textbook-general-physics-with-calculus-ph-212-400-u2026.json,df2cc5b25edc3715fdefa40077837278ac1b32ac115ecc6f81f4712131395b61,a5516444b9c07c93c6de9e5ef93482e8f3d34e277367fe46e003e4779a8bd8d4,2026-07-18T06:23:22.199Z,1,36,2,0,0,0
00285-phy-212-module-item-first-day-overview-pdf-general-physics-with-calculus-ph-212-400-u2026,2053526,PHY-212,module_item,module_item,https://canvas.oregonstate.edu/courses/2053526/modules/items/26997777,https://canvas.oregonstate.edu/courses/2053526/files/119256249?module_item_id=26997777,first day overview.pdf: GENERAL PHYSICS WITH CALCULUS (PH_212_400_U2026),file,119256249,1,yes,,raw_html/00285-phy-212-module-item-first-day-overview-pdf-general-physics-with-calculus-ph-212-400-u2026.html,text/00285-phy-212-module-item-first-day-overview-pdf-general-physics-with-calculus-ph-212-400-u2026.txt,text/00285-phy-212-module-item-first-day-overview-pdf-general-physics-with-calculus-ph-212-400-u2026.fulltext.txt,markdown/00285-phy-212-module-item-first-day-overview-pdf-general-physics-with-calculus-ph-212-400-u2026.md,,metadata/00285-phy-212-module-item-first-day-overview-pdf-general-physics-with-calculus-ph-212-400-u2026.json,8b583150563fbfaa8ff7a3c507d241f060a8d786a8f10e8a5505d933809928a3,4e2734cbfcc9799f94c91073d963bdf825383b5a1e9bd8a3df815ed00d8a3246,2026-07-18T06:23:24.845Z,1,36,3,0,0,0
00286-phy-212-module-item-topic-general-discussion-faqs,2053526,PHY-212,module_item,module_item,https://canvas.oregonstate.edu/courses/2053526/modules/items/26896950,https://canvas.oregonstate.edu/courses/2053526/discussion_topics/11563815?module_item_id=26896950,Topic: General Discussion & FAQs,discussion,11563815,1,yes,,raw_html/00286-phy-212-module-item-topic-general-discussion-faqs.html,text/00286-phy-212-module-item-topic-general-discussion-faqs.txt,text/00286-phy-212-module-item-topic-general-discussion-faqs.fulltext.txt,markdown/00286-phy-212-module-item-topic-general-discussion-faqs.md,,metadata/00286-phy-212-module-item-topic-general-discussion-faqs.json,d4056042236d0795a73ff6ce8d4499aaacadcb29aea887b49b3d0ffce7c5deca,e3b0c44298fc1c149afbf4c8996fb92427ae41e4649b934ca495991b7852b855,2026-07-18T06:23:28.354Z,0,34,2,0,0,0
00287-phy-212-module-item-ph-211-instructional-videos-general-physics-with-calculus-ph-212-400-u2026,2053526,PHY-212,module_item,module_item,https://canvas.oregonstate.edu/courses/2053526/modules/items/26896951,https://canvas.oregonstate.edu/courses/2053526/pages/ph-211-instructional-videos?module_item_id=26896951,PH 211 Instructional videos: GENERAL PHYSICS WITH CALCULUS (PH_212_400_U2026),page,ph-211-instructional-videos,1,yes,,raw_html/00287-phy-212-module-item-ph-211-instructional-videos-general-physics-with-calculus-ph-212-400-u2026.html,text/00287-phy-212-module-item-ph-211-instructional-videos-general-physics-with-calculus-ph-212-400-u2026.txt,text/00287-phy-212-module-item-ph-211-instructional-videos-general-physics-with-calculus-ph-212-400-u2026.fulltext.txt,markdown/00287-phy-212-module-item-ph-211-instructional-videos-general-physics-with-calculus-ph-212-400-u2026.md,,metadata/00287-phy-212-module-item-ph-211-instructional-videos-general-physics-with-calculus-ph-212-400-u2026.json,d4563e915e067a01310d4ce80aa0940466a67c0123946beb4dc84b61938e51f5,d981099b2f3b1fbccf70c037df054963dc85fc73a385ae2bd587b23b457da55f,2026-07-18T06:23:31.353Z,2,35,18,0,0,0
00288-phy-212-module-item-financial-resources-and-more-general-physics-with-calculus-ph-212-400-u2026,2053526,PHY-212,module_item,module_item,https://canvas.oregonstate.edu/courses/2053526/modules/items/26896952,https://canvas.oregonstate.edu/courses/2053526/pages/financial-resources-and-more?module_item_id=26896952,Financial resources and more: GENERAL PHYSICS WITH CALCULUS (PH_212_400_U2026),page,financial-resources-and-more,1,yes,,raw_html/00288-phy-212-module-item-financial-resources-and-more-general-physics-with-calculus-ph-212-400-u2026.html,text/00288-phy-212-module-item-financial-resources-and-more-general-physics-with-calculus-ph-212-400-u2026.txt,text/00288-phy-212-module-item-financial-resources-and-more-general-physics-with-calculus-ph-212-400-u2026.fulltext.txt,markdown/00288-phy-212-module-item-financial-resources-and-more-general-physics-with-calculus-ph-212-400-u2026.md,,metadata/00288-phy-212-module-item-financial-resources-and-more-general-physics-with-calculus-ph-212-400-u2026.json,ccf2453dfd52bd107152f46cff1b9fff8739abffddeb41eb8361d18be9cfb6e9,fe40d524438fdc1bffc905a34ac08e23e8da759c64bed2a0ae5c7cf82086afdd,2026-07-18T06:23:37.613Z,4,62,2,0,0,0
00289-phy-212-module-item-academic-misconduct-scenarios-general-physics-with-calculus-ph-212-400-u2026,2053526,PHY-212,module_item,module_item,https://canvas.oregonstate.edu/courses/2053526/modules/items/26896953,https://canvas.oregonstate.edu/courses/2053526/pages/academic-misconduct-scenarios?module_item_id=26896953,Academic Misconduct Scenarios: GENERAL PHYSICS WITH CALCULUS (PH_212_400_U2026),page,academic-misconduct-scenarios,1,yes,,raw_html/00289-phy-212-module-item-academic-misconduct-scenarios-general-physics-with-calculus-ph-212-400-u2026.html,text/00289-phy-212-module-item-academic-misconduct-scenarios-general-physics-with-calculus-ph-212-400-u2026.txt,text/00289-phy-212-module-item-academic-misconduct-scenarios-general-physics-with-calculus-ph-212-400-u2026.fulltext.txt,markdown/00289-phy-212-module-item-academic-misconduct-scenarios-general-physics-with-calculus-ph-212-400-u2026.md,,metadata/00289-phy-212-module-item-academic-misconduct-scenarios-general-physics-with-calculus-ph-212-400-u2026.json,ec4e79e2889b4cd4c35cff6828dd96b4ef30cfdc1e782767fcaad43cceda1135,4572cf7cf32898e8e687bf1cc14d65d623984e39f700913cc6fc88c4c6d8c855,2026-07-18T06:23:40.251Z,5,44,2,0,0,0
00290-phy-212-module-item-scanned-text-on-reserve-at-the-library-general-physics-with-calculus-ph-212-400-u2026,2053526,PHY-212,module_item,module_item,https://canvas.oregonstate.edu/courses/2053526/modules/items/26896954,https://canvas.oregonstate.edu/courses/2053526/pages/scanned-text-on-reserve-at-the-library?module_item_id=26896954,Scanned text on reserve at the library: GENERAL PHYSICS WITH CALCULUS (PH_212_400_U2026),page,scanned-text-on-reserve-at-the-library,1,yes,,raw_html/00290-phy-212-module-item-scanned-text-on-reserve-at-the-library-general-physics-with-calculus-ph-212-400-u2026.html,text/00290-phy-212-module-item-scanned-text-on-reserve-at-the-library-general-physics-with-calculus-ph-212-400-u2026.txt,text/00290-phy-212-module-item-scanned-text-on-reserve-at-the-library-general-physics-with-calculus-ph-212-400-u2026.fulltext.txt,markdown/00290-phy-212-module-item-scanned-text-on-reserve-at-the-library-general-physics-with-calculus-ph-212-400-u2026.md,,metadata/00290-phy-212-module-item-scanned-text-on-reserve-at-the-library-general-physics-with-calculus-ph-212-400-u2026.json,ce9aeb80dc4c130aa17d570a86b6bfdb494e2d2c763a09093c86b0c3f28d8992,d364c7306722187703206df897cc0dd62ffd201bd0655c149203d222a0312b22,2026-07-18T06:23:42.901Z,1,36,2,0,0,0
00291-phy-212-module-item-scanning-resources-general-physics-with-calculus-ph-212-400-u2026,2053526,PHY-212,module_item,module_item,https://canvas.oregonstate.edu/courses/2053526/modules/items/26896956,https://canvas.oregonstate.edu/courses/2053526/pages/scanning-resources-2?module_item_id=26896956,Scanning Resources: GENERAL PHYSICS WITH CALCULUS (PH_212_400_U2026),page,scanning-resources-2,1,yes,,raw_html/00291-phy-212-module-item-scanning-resources-general-physics-with-calculus-ph-212-400-u2026.html,text/00291-phy-212-module-item-scanning-resources-general-physics-with-calculus-ph-212-400-u2026.txt,text/00291-phy-212-module-item-scanning-resources-general-physics-with-calculus-ph-212-400-u2026.fulltext.txt,markdown/00291-phy-212-module-item-scanning-resources-general-physics-with-calculus-ph-212-400-u2026.md,,metadata/00291-phy-212-module-item-scanning-resources-general-physics-with-calculus-ph-212-400-u2026.json,0305fd89b29a235fb43ef0869c9bd9b30d4313c959bd55a9492c778419c449cf,a2d94a8427f94e0964e97bf6ee1292f7e9d21b2b73c3772894571dff0e6a86e0,2026-07-18T06:23:45.896Z,2,41,2,0,0,0
00292-phy-212-module-item-module-1-overview-of-circular-motion-general-physics-with-calculus-ph-212-400-u2026,2053526,PHY-212,module_item,module_item,https://canvas.oregonstate.edu/courses/2053526/modules/items/26896958,https://canvas.oregonstate.edu/courses/2053526/pages/module-1-%7C-overview-of-circular-motion?module_item_id=26896958,Module 1 | Overview of Circular Motion: GENERAL PHYSICS WITH CALCULUS (PH_212_400_U2026),page,module-1-%7C-overview-of-circular-motion,1,yes,,raw_html/00292-phy-212-module-item-module-1-overview-of-circular-motion-general-physics-with-calculus-ph-212-400-u2026.html,text/00292-phy-212-module-item-module-1-overview-of-circular-motion-general-physics-with-calculus-ph-212-400-u2026.txt,text/00292-phy-212-module-item-module-1-overview-of-circular-motion-general-physics-with-calculus-ph-212-400-u2026.fulltext.txt,markdown/00292-phy-212-module-item-module-1-overview-of-circular-motion-general-physics-with-calculus-ph-212-400-u2026.md,,metadata/00292-phy-212-module-item-module-1-overview-of-circular-motion-general-physics-with-calculus-ph-212-400-u2026.json,8b9d40e26c4902dcf95eb860b743a680939b972e4cd0d36550e27755735909b3,143af96aa0e649c7832d0257c348244ccb998d07c395e0717fcb708827761e37,2026-07-18T06:23:48.751Z,4,38,2,0,0,0
00293-phy-212-module-item-module-1-circular-motion-learning-materials-general-physics-with-calculus-ph-212-400-u2026,2053526,PHY-212,module_item,module_item,https://canvas.oregonstate.edu/courses/2053526/modules/items/26896959,https://canvas.oregonstate.edu/courses/2053526/pages/module-1-%7C-circular-motion-%7C-learning-materials?module_item_id=26896959,Module 1 | Circular Motion | Learning Materials: GENERAL PHYSICS WITH CALCULUS (PH_212_400_U2026),page,module-1-%7C-circular-motion-%7C-learning-materials,1,yes,,raw_html/00293-phy-212-module-item-module-1-circular-motion-learning-materials-general-physics-with-calculus-ph-212-400-u2026.html,text/00293-phy-212-module-item-module-1-circular-motion-learning-materials-general-physics-with-calculus-ph-212-400-u2026.txt,text/00293-phy-212-module-item-module-1-circular-motion-learning-materials-general-physics-with-calculus-ph-212-400-u2026.fulltext.txt,markdown/00293-phy-212-module-item-module-1-circular-motion-learning-materials-general-physics-with-calculus-ph-212-400-u2026.md,,metadata/00293-phy-212-module-item-module-1-circular-motion-learning-materials-general-physics-with-calculus-ph-212-400-u2026.json,c99b43a92c13e2adc544720fa21db75433307d7497f48be9db06ed16cc26ad20,97b7e08e3c51d94d8a45b9354db10821547b921cd011f66c10a86875f4e85f8d,2026-07-18T06:23:52.052Z,5,42,11,0,0,0
00294-phy-212-module-item-module-1-circular-motion-required-activities-general-physics-with-calculus-ph-212-400-u2026,2053526,PHY-212,module_item,module_item,https://canvas.oregonstate.edu/courses/2053526/modules/items/26896960,https://canvas.oregonstate.edu/courses/2053526/pages/module-1-%7C-circular-motion-%7C-required-activities?module_item_id=26896960,Module 1 | Circular Motion | Required Activities: GENERAL PHYSICS WITH CALCULUS (PH_212_400_U2026),page,module-1-%7C-circular-motion-%7C-required-activities,1,yes,,raw_html/00294-phy-212-module-item-module-1-circular-motion-required-activities-general-physics-with-calculus-ph-212-400-u2026.html,text/00294-phy-212-module-item-module-1-circular-motion-required-activities-general-physics-with-calculus-ph-212-400-u2026.txt,text/00294-phy-212-module-item-module-1-circular-motion-required-activities-general-physics-with-calculus-ph-212-400-u2026.fulltext.txt,markdown/00294-phy-212-module-item-module-1-circular-motion-required-activities-general-physics-with-calculus-ph-212-400-u2026.md,,metadata/00294-phy-212-module-item-module-1-circular-motion-required-activities-general-physics-with-calculus-ph-212-400-u2026.json,9c6a63c035da552e1a81a60e512c22c1b93127a0585a98496b417e2c60f208bf,f56a9260f0c467756503483371a5125fc5b4c892241d8808c47227d66f45fe20,2026-07-18T06:23:55.548Z,4,62,2,0,0,0
00295-phy-212-module-item-proctorio-practice-quiz-remotely-proctored-general-physics-with-calculus-ph-212-400-u2026,2053526,PHY-212,module_item,module_item,https://canvas.oregonstate.edu/courses/2053526/modules/items/26896961,https://canvas.oregonstate.edu/courses/2053526/quizzes/3160506?module_item_id=26896961,Proctorio practice quiz (Remotely Proctored): GENERAL PHYSICS WITH CALCULUS (PH_212_400_U2026),quiz,3160506,1,yes,,raw_html/00295-phy-212-module-item-proctorio-practice-quiz-remotely-proctored-general-physics-with-calculus-ph-212-400-u2026.html,text/00295-phy-212-module-item-proctorio-practice-quiz-remotely-proctored-general-physics-with-calculus-ph-212-400-u2026.txt,text/00295-phy-212-module-item-proctorio-practice-quiz-remotely-proctored-general-physics-with-calculus-ph-212-400-u2026.fulltext.txt,markdown/00295-phy-212-module-item-proctorio-practice-quiz-remotely-proctored-general-physics-with-calculus-ph-212-400-u2026.md,,metadata/00295-phy-212-module-item-proctorio-practice-quiz-remotely-proctored-general-physics-with-calculus-ph-212-400-u2026.json,e876c43fbb952f80e7fd12db1cd3d920c06221a165bcfb33dba712dbd6d6f0e4,47aea2686771a511d4767a18e3a00812357e30edaf7f635feb154db9168161a6,2026-07-18T06:23:58.350Z,4,39,2,0,0,0
00296-phy-212-module-item-lab-1-instructions-general-physics-with-calculus-ph-212-400-u2026,2053526,PHY-212,module_item,module_item,https://canvas.oregonstate.edu/courses/2053526/modules/items/26896962,https://canvas.oregonstate.edu/courses/2053526/pages/lab-1-instructions-2?module_item_id=26896962,Lab 1 Instructions: GENERAL PHYSICS WITH CALCULUS (PH_212_400_U2026),page,lab-1-instructions-2,1,yes,,raw_html/00296-phy-212-module-item-lab-1-instructions-general-physics-with-calculus-ph-212-400-u2026.html,text/00296-phy-212-module-item-lab-1-instructions-general-physics-with-calculus-ph-212-400-u2026.txt,text/00296-phy-212-module-item-lab-1-instructions-general-physics-with-calculus-ph-212-400-u2026.fulltext.txt,markdown/00296-phy-212-module-item-lab-1-instructions-general-physics-with-calculus-ph-212-400-u2026.md,,metadata/00296-phy-212-module-item-lab-1-instructions-general-physics-with-calculus-ph-212-400-u2026.json,962842ea6d7f17b638398c05d514c98a2987ad34ee16b80c59324e7c522a677b,83846b01afac3ad5f2b7e382d63197189a2a5aeefddf8742ca53dbc1a2af9a1c,2026-07-18T06:24:01.348Z,6,41,2,0,0,0
00297-phy-212-module-item-lab-partner-values-survey-general-physics-with-calculus-ph-212-400-u2026,2053526,PHY-212,module_item,module_item,https://canvas.oregonstate.edu/courses/2053526/modules/items/26896963,https://canvas.oregonstate.edu/courses/2053526/quizzes/3160536?module_item_id=26896963,Lab Partner Values Survey: GENERAL PHYSICS WITH CALCULUS (PH_212_400_U2026),quiz,3160536,1,yes,,raw_html/00297-phy-212-module-item-lab-partner-values-survey-general-physics-with-calculus-ph-212-400-u2026.html,text/00297-phy-212-module-item-lab-partner-values-survey-general-physics-with-calculus-ph-212-400-u2026.txt,text/00297-phy-212-module-item-lab-partner-values-survey-general-physics-with-calculus-ph-212-400-u2026.fulltext.txt,markdown/00297-phy-212-module-item-lab-partner-values-survey-general-physics-with-calculus-ph-212-400-u2026.md,,metadata/00297-phy-212-module-item-lab-partner-values-survey-general-physics-with-calculus-ph-212-400-u2026.json,4bd6138d8d002c4f467f07509b1516932281dee4bbfd24e4e18c4f6c5b5f77da,d677d9c1a073aeea27c4d98a8be7045ad0dd731b17ad9b573b3a4c16e4ed1232,2026-07-18T06:24:04.148Z,2,54,2,0,0,0
00298-phy-212-module-item-lab-supplies-general-physics-with-calculus-ph-212-400-u2026,2053526,PHY-212,module_item,module_item,https://canvas.oregonstate.edu/courses/2053526/modules/items/26896964,https://canvas.oregonstate.edu/courses/2053526/pages/lab-supplies?module_item_id=26896964,Lab Supplies: GENERAL PHYSICS WITH CALCULUS (PH_212_400_U2026),page,lab-supplies,1,yes,,raw_html/00298-phy-212-module-item-lab-supplies-general-physics-with-calculus-ph-212-400-u2026.html,text/00298-phy-212-module-item-lab-supplies-general-physics-with-calculus-ph-212-400-u2026.txt,text/00298-phy-212-module-item-lab-supplies-general-physics-with-calculus-ph-212-400-u2026.fulltext.txt,markdown/00298-phy-212-module-item-lab-supplies-general-physics-with-calculus-ph-212-400-u2026.md,,metadata/00298-phy-212-module-item-lab-supplies-general-physics-with-calculus-ph-212-400-u2026.json,9ffc0b8fd8868c80940305fc79ce1d7c9aa2da670ae924751b37514826fe6c07,484fdaac0ac323124c050d0b5b6f9d1fc914e461f2033453758461c08a56b65b,2026-07-18T06:24:06.969Z,3,35,2,0,0,0
00299-phy-212-module-item-lab-2-instructions-general-physics-with-calculus-ph-212-400-u2026,2053526,PHY-212,module_item,module_item,https://canvas.oregonstate.edu/courses/2053526/modules/items/26896965,https://canvas.oregonstate.edu/courses/2053526/pages/lab-2-instructions-2?module_item_id=26896965,Lab 2 Instructions: GENERAL PHYSICS WITH CALCULUS (PH_212_400_U2026),page,lab-2-instructions-2,1,yes,,raw_html/00299-phy-212-module-item-lab-2-instructions-general-physics-with-calculus-ph-212-400-u2026.html,text/00299-phy-212-module-item-lab-2-instructions-general-physics-with-calculus-ph-212-400-u2026.txt,text/00299-phy-212-module-item-lab-2-instructions-general-physics-with-calculus-ph-212-400-u2026.fulltext.txt,markdown/00299-phy-212-module-item-lab-2-instructions-general-physics-with-calculus-ph-212-400-u2026.md,,metadata/00299-phy-212-module-item-lab-2-instructions-general-physics-with-calculus-ph-212-400-u2026.json,6a5fee3eb766d3b1bf518ddb73b0165e098d6fcee23a39f7133e921ddf1d2757,dbf489efefb883bcb1f96cbebbf6f72496085fdba8ca4b46f83b92aa8a2f82e7,2026-07-18T06:24:10.251Z,5,43,2,0,0,0
00300-phy-212-module-item-lab-collaboration-contract-general-physics-with-calculus-ph-212-400-u2026,2053526,PHY-212,module_item,module_item,https://canvas.oregonstate.edu/courses/2053526/modules/items/26942495,https://canvas.oregonstate.edu/courses/2053526/quizzes/3160479?module_item_id=26942495,Lab Collaboration Contract: GENERAL PHYSICS WITH CALCULUS (PH_212_400_U2026),quiz,3160479,1,yes,,raw_html/00300-phy-212-module-item-lab-collaboration-contract-general-physics-with-calculus-ph-212-400-u2026.html,text/00300-phy-212-module-item-lab-collaboration-contract-general-physics-with-calculus-ph-212-400-u2026.txt,text/00300-phy-212-module-item-lab-collaboration-contract-general-physics-with-calculus-ph-212-400-u2026.fulltext.txt,markdown/00300-phy-212-module-item-lab-collaboration-contract-general-physics-with-calculus-ph-212-400-u2026.md,,metadata/00300-phy-212-module-item-lab-collaboration-contract-general-physics-with-calculus-ph-212-400-u2026.json,e5adb5da0815f5f269cb85a6de325d2b7cba13daea315c9e873981783450185d,b8daea72a09c9cab707a25878c6462adf1f6c2aea3c0352fe4e0036258028711,2026-07-18T06:24:12.793Z,3,36,2,0,0,0
00301-phy-212-module-item-module-1-motion-conclusion-general-physics-with-calculus-ph-212-400-u2026,2053526,PHY-212,module_item,module_item,https://canvas.oregonstate.edu/courses/2053526/modules/items/26896968,https://canvas.oregonstate.edu/courses/2053526/pages/module-1-%7C-motion-%7C-conclusion?module_item_id=26896968,Module 1 | Motion | Conclusion: GENERAL PHYSICS WITH CALCULUS (PH_212_400_U2026),page,module-1-%7C-motion-%7C-conclusion,1,yes,,raw_html/00301-phy-212-module-item-module-1-motion-conclusion-general-physics-with-calculus-ph-212-400-u2026.html,text/00301-phy-212-module-item-module-1-motion-conclusion-general-physics-with-calculus-ph-212-400-u2026.txt,text/00301-phy-212-module-item-module-1-motion-conclusion-general-physics-with-calculus-ph-212-400-u2026.fulltext.txt,markdown/00301-phy-212-module-item-module-1-motion-conclusion-general-physics-with-calculus-ph-212-400-u2026.md,,metadata/00301-phy-212-module-item-module-1-motion-conclusion-general-physics-with-calculus-ph-212-400-u2026.json,144afa21915861d476e6a9a941c74c88c7668e8ec978a7e45b9d3f38b842202f,56adab5f6c740cda15ec304f07ddb5fa3acd4722b0cb84f3ba9cf3ae3778e917,2026-07-18T06:24:15.295Z,1,34,2,0,0,0
00302-phy-212-module-item-module-2-overview-of-rotation-general-physics-with-calculus-ph-212-400-u2026,2053526,PHY-212,module_item,module_item,https://canvas.oregonstate.edu/courses/2053526/modules/items/26896969,https://canvas.oregonstate.edu/courses/2053526/pages/module-2-%7C-overview-of-rotation?module_item_id=26896969,Module 2 | Overview of Rotation: GENERAL PHYSICS WITH CALCULUS (PH_212_400_U2026),page,module-2-%7C-overview-of-rotation,1,yes,,raw_html/00302-phy-212-module-item-module-2-overview-of-rotation-general-physics-with-calculus-ph-212-400-u2026.html,text/00302-phy-212-module-item-module-2-overview-of-rotation-general-physics-with-calculus-ph-212-400-u2026.txt,text/00302-phy-212-module-item-module-2-overview-of-rotation-general-physics-with-calculus-ph-212-400-u2026.fulltext.txt,markdown/00302-phy-212-module-item-module-2-overview-of-rotation-general-physics-with-calculus-ph-212-400-u2026.md,,metadata/00302-phy-212-module-item-module-2-overview-of-rotation-general-physics-with-calculus-ph-212-400-u2026.json,fe0b020050defd1a7ff4bd6c31d7f6920178ec9562f7d3d880da8f9e81fbf76b,8f4955a0eaff78492467adc0906d77a92f9abd9e0ea658faa66e0bed9e381d4a,2026-07-18T06:24:17.696Z,4,37,2,0,0,0
00303-phy-212-module-item-module-2-rotation-learning-materials-general-physics-with-calculus-ph-212-400-u2026,2053526,PHY-212,module_item,module_item,https://canvas.oregonstate.edu/courses/2053526/modules/items/26896970,https://canvas.oregonstate.edu/courses/2053526/pages/module-2-%7C-rotation-%7C-learning-materials?module_item_id=26896970,Module 2 | Rotation | Learning Materials: GENERAL PHYSICS WITH CALCULUS (PH_212_400_U2026),page,module-2-%7C-rotation-%7C-learning-materials,1,yes,,raw_html/00303-phy-212-module-item-module-2-rotation-learning-materials-general-physics-with-calculus-ph-212-400-u2026.html,text/00303-phy-212-module-item-module-2-rotation-learning-materials-general-physics-with-calculus-ph-212-400-u2026.txt,text/00303-phy-212-module-item-module-2-rotation-learning-materials-general-physics-with-calculus-ph-212-400-u2026.fulltext.txt,markdown/00303-phy-212-module-item-module-2-rotation-learning-materials-general-physics-with-calculus-ph-212-400-u2026.md,,metadata/00303-phy-212-module-item-module-2-rotation-learning-materials-general-physics-with-calculus-ph-212-400-u2026.json,fe5931c96391cc1217ac5ef0e4af59973bf3ca1b2945cc093e42320c6add343e,3cda00e607c791d620e9b6295d772566a2f5eb16618570870ec59417e1dc89d8,2026-07-18T06:24:20.195Z,4,36,10,0,0,0
00304-phy-212-module-item-module-2-rotation-required-activities-general-physics-with-calculus-ph-212-400-u2026,2053526,PHY-212,module_item,module_item,https://canvas.oregonstate.edu/courses/2053526/modules/items/26896971,https://canvas.oregonstate.edu/courses/2053526/pages/module-2-%7C-rotation-%7C-required-activities?module_item_id=26896971,Module 2 | Rotation | Required Activities: GENERAL PHYSICS WITH CALCULUS (PH_212_400_U2026),page,module-2-%7C-rotation-%7C-required-activities,1,yes,,raw_html/00304-phy-212-module-item-module-2-rotation-required-activities-general-physics-with-calculus-ph-212-400-u2026.html,text/00304-phy-212-module-item-module-2-rotation-required-activities-general-physics-with-calculus-ph-212-400-u2026.txt,text/00304-phy-212-module-item-module-2-rotation-required-activities-general-physics-with-calculus-ph-212-400-u2026.fulltext.txt,markdown/00304-phy-212-module-item-module-2-rotation-required-activities-general-physics-with-calculus-ph-212-400-u2026.md,,metadata/00304-phy-212-module-item-module-2-rotation-required-activities-general-physics-with-calculus-ph-212-400-u2026.json,5bf7112a92e3ab96c5c027359579b70033645fc3988b14942a2c15e2acd9d288,4df2af73206b753ad6ef6a01b75702253ca793e09d3128bf2d43e49afad5c1f4,2026-07-18T06:24:23.947Z,4,59,2,0,0,0
00305-phy-212-module-item-lab-3-instructions-general-physics-with-calculus-ph-212-400-u2026,2053526,PHY-212,module_item,module_item,https://canvas.oregonstate.edu/courses/2053526/modules/items/26896972,https://canvas.oregonstate.edu/courses/2053526/pages/lab-3-instructions-2?module_item_id=26896972,Lab 3 Instructions: GENERAL PHYSICS WITH CALCULUS (PH_212_400_U2026),page,lab-3-instructions-2,1,yes,,raw_html/00305-phy-212-module-item-lab-3-instructions-general-physics-with-calculus-ph-212-400-u2026.html,text/00305-phy-212-module-item-lab-3-instructions-general-physics-with-calculus-ph-212-400-u2026.txt,text/00305-phy-212-module-item-lab-3-instructions-general-physics-with-calculus-ph-212-400-u2026.fulltext.txt,markdown/00305-phy-212-module-item-lab-3-instructions-general-physics-with-calculus-ph-212-400-u2026.md,,metadata/00305-phy-212-module-item-lab-3-instructions-general-physics-with-calculus-ph-212-400-u2026.json,54736f4f42aa467c9677ad37752cb87638e13055923204dd6b99a659041bde89,9fd0de607d4d1b7762af2bf9ae00b02a7a61f6efcef75f5be3309f823598777b,2026-07-18T06:24:26.452Z,5,38,2,0,0,0
00306-phy-212-module-item-lab-group-check-in-survey-lab-3-general-physics-with-calculus-ph-212-400-u2026,2053526,PHY-212,module_item,module_item,https://canvas.oregonstate.edu/courses/2053526/modules/items/26896973,https://canvas.oregonstate.edu/courses/2053526/quizzes/3160510?module_item_id=26896973,Lab Group Check-In Survey (Lab 3): GENERAL PHYSICS WITH CALCULUS (PH_212_400_U2026),quiz,3160510,1,yes,,raw_html/00306-phy-212-module-item-lab-group-check-in-survey-lab-3-general-physics-with-calculus-ph-212-400-u2026.html,text/00306-phy-212-module-item-lab-group-check-in-survey-lab-3-general-physics-with-calculus-ph-212-400-u2026.txt,text/00306-phy-212-module-item-lab-group-check-in-survey-lab-3-general-physics-with-calculus-ph-212-400-u2026.fulltext.txt,markdown/00306-phy-212-module-item-lab-group-check-in-survey-lab-3-general-physics-with-calculus-ph-212-400-u2026.md,,metadata/00306-phy-212-module-item-lab-group-check-in-survey-lab-3-general-physics-with-calculus-ph-212-400-u2026.json,53174328e955b1855a743108f301731ccdb8202e9bfd79f2a072991c1fc60218,d0e239fe1aeaa5764a275c7e89283ae175608c0f2739a790232aef70d90b91cd,2026-07-18T06:24:29.340Z,3,36,2,0,0,0
00307-phy-212-module-item-module-2-rotation-conclusion-general-physics-with-calculus-ph-212-400-u2026,2053526,PHY-212,module_item,module_item,https://canvas.oregonstate.edu/courses/2053526/modules/items/26896975,https://canvas.oregonstate.edu/courses/2053526/pages/module-2-%7C-rotation-%7C-conclusion?module_item_id=26896975,Module 2 | Rotation | Conclusion: GENERAL PHYSICS WITH CALCULUS (PH_212_400_U2026),page,module-2-%7C-rotation-%7C-conclusion,1,yes,,raw_html/00307-phy-212-module-item-module-2-rotation-conclusion-general-physics-with-calculus-ph-212-400-u2026.html,text/00307-phy-212-module-item-module-2-rotation-conclusion-general-physics-with-calculus-ph-212-400-u2026.txt,text/00307-phy-212-module-item-module-2-rotation-conclusion-general-physics-with-calculus-ph-212-400-u2026.fulltext.txt,markdown/00307-phy-212-module-item-module-2-rotation-conclusion-general-physics-with-calculus-ph-212-400-u2026.md,,metadata/00307-phy-212-module-item-module-2-rotation-conclusion-general-physics-with-calculus-ph-212-400-u2026.json,5248154ed0fa253207674064f90878b81a17127859d72df44159f8e87c0cf466,9951e572387068c537465b446064b401c76c5e2a96c4c7c22c27dafae563922a,2026-07-18T06:24:31.894Z,1,36,2,0,0,0
00308-phy-212-module-item-excel-skills-handout-general-physics-with-calculus-ph-212-400-u2026,2053526,PHY-212,module_item,module_item,https://canvas.oregonstate.edu/courses/2053526/modules/items/26896976,https://canvas.oregonstate.edu/courses/2053526/pages/excel-skills-handout-2?module_item_id=26896976,Excel Skills Handout: GENERAL PHYSICS WITH CALCULUS (PH_212_400_U2026),page,excel-skills-handout-2,1,yes,yes,raw_html/00308-phy-212-module-item-excel-skills-handout-general-physics-with-calculus-ph-212-400-u2026.html,text/00308-phy-212-module-item-excel-skills-handout-general-physics-with-calculus-ph-212-400-u2026.txt,text/00308-phy-212-module-item-excel-skills-handout-general-physics-with-calculus-ph-212-400-u2026.fulltext.txt,markdown/00308-phy-212-module-item-excel-skills-handout-general-physics-with-calculus-ph-212-400-u2026.md,,metadata/00308-phy-212-module-item-excel-skills-handout-general-physics-with-calculus-ph-212-400-u2026.json,99129a4c0ab506a1cde9dad8e24b4e000d4021c6808325fda919d758dad49f1b,75c358df872e2b20fcbb7357de4b599101352133e1ca364fdf7375f3a5e38551,2026-07-18T06:24:35.842Z,7,59,8,0,0,0
00309-phy-212-module-item-module-3-overview-of-gravity-general-physics-with-calculus-ph-212-400-u2026,2053526,PHY-212,module_item,module_item,https://canvas.oregonstate.edu/courses/2053526/modules/items/26897001,https://canvas.oregonstate.edu/courses/2053526/pages/module-3-%7C-overview-of-gravity?module_item_id=26897001,Module 3 | Overview of Gravity: GENERAL PHYSICS WITH CALCULUS (PH_212_400_U2026),page,module-3-%7C-overview-of-gravity,1,yes,,raw_html/00309-phy-212-module-item-module-3-overview-of-gravity-general-physics-with-calculus-ph-212-400-u2026.html,text/00309-phy-212-module-item-module-3-overview-of-gravity-general-physics-with-calculus-ph-212-400-u2026.txt,text/00309-phy-212-module-item-module-3-overview-of-gravity-general-physics-with-calculus-ph-212-400-u2026.fulltext.txt,markdown/00309-phy-212-module-item-module-3-overview-of-gravity-general-physics-with-calculus-ph-212-400-u2026.md,,metadata/00309-phy-212-module-item-module-3-overview-of-gravity-general-physics-with-calculus-ph-212-400-u2026.json,a98712e3e79608c78b338e1112d6f2a86658a4b0edfef9c01ded769c1a7c830f,8b0596292529d808be0f4ea0bbdee9bca9f2f9ef1d4ccedd42e825a9ac7c622b,2026-07-18T06:25:01.103Z,4,40,2,0,0,0
00310-phy-212-module-item-module-3-gravity-learning-materials-general-physics-with-calculus-ph-212-400-u2026,2053526,PHY-212,module_item,module_item,https://canvas.oregonstate.edu/courses/2053526/modules/items/26897002,https://canvas.oregonstate.edu/courses/2053526/pages/module-3-%7C-gravity-%7C-learning-materials?module_item_id=26897002,Module 3 | Gravity | Learning Materials: GENERAL PHYSICS WITH CALCULUS (PH_212_400_U2026),page,module-3-%7C-gravity-%7C-learning-materials,1,yes,,raw_html/00310-phy-212-module-item-module-3-gravity-learning-materials-general-physics-with-calculus-ph-212-400-u2026.html,text/00310-phy-212-module-item-module-3-gravity-learning-materials-general-physics-with-calculus-ph-212-400-u2026.txt,text/00310-phy-212-module-item-module-3-gravity-learning-materials-general-physics-with-calculus-ph-212-400-u2026.fulltext.txt,markdown/00310-phy-212-module-item-module-3-gravity-learning-materials-general-physics-with-calculus-ph-212-400-u2026.md,,metadata/00310-phy-212-module-item-module-3-gravity-learning-materials-general-physics-with-calculus-ph-212-400-u2026.json,ac982e61cb53ded4d0022885e167b27285ece8a13af8b61f8f43ead318a7d0bc,4faa46ba6fee925e8f944c89cc65f1bc5724271b888dbc9dd4cd18bc5b5ac54c,2026-07-18T06:25:03.798Z,4,41,4,0,0,0
00311-phy-212-module-item-module-3-gravity-required-activities-general-physics-with-calculus-ph-212-400-u2026,2053526,PHY-212,module_item,module_item,https://canvas.oregonstate.edu/courses/2053526/modules/items/26897003,https://canvas.oregonstate.edu/courses/2053526/pages/module-3-%7C-gravity-%7C-required-activities?module_item_id=26897003,Module 3 | Gravity | Required Activities: GENERAL PHYSICS WITH CALCULUS (PH_212_400_U2026),page,module-3-%7C-gravity-%7C-required-activities,1,yes,,raw_html/00311-phy-212-module-item-module-3-gravity-required-activities-general-physics-with-calculus-ph-212-400-u2026.html,text/00311-phy-212-module-item-module-3-gravity-required-activities-general-physics-with-calculus-ph-212-400-u2026.txt,text/00311-phy-212-module-item-module-3-gravity-required-activities-general-physics-with-calculus-ph-212-400-u2026.fulltext.txt,markdown/00311-phy-212-module-item-module-3-gravity-required-activities-general-physics-with-calculus-ph-212-400-u2026.md,,metadata/00311-phy-212-module-item-module-3-gravity-required-activities-general-physics-with-calculus-ph-212-400-u2026.json,31885546af17ff253523464b25565fda289c9e5e9adfeb45f1964581663dea05,aef4595d7ec6b0084153dd408240924100f330214cd917fb2f1e1380005b94c4,2026-07-18T06:25:07.010Z,4,41,2,0,0,0
00312-phy-212-module-item-module-3-gravity-conclusion-general-physics-with-calculus-ph-212-400-u2026,2053526,PHY-212,module_item,module_item,https://canvas.oregonstate.edu/courses/2053526/modules/items/26897006,https://canvas.oregonstate.edu/courses/2053526/pages/module-3-%7C-gravity-%7C-conclusion?module_item_id=26897006,Module 3 | Gravity | Conclusion: GENERAL PHYSICS WITH CALCULUS (PH_212_400_U2026),page,module-3-%7C-gravity-%7C-conclusion,1,yes,,raw_html/00312-phy-212-module-item-module-3-gravity-conclusion-general-physics-with-calculus-ph-212-400-u2026.html,text/00312-phy-212-module-item-module-3-gravity-conclusion-general-physics-with-calculus-ph-212-400-u2026.txt,text/00312-phy-212-module-item-module-3-gravity-conclusion-general-physics-with-calculus-ph-212-400-u2026.fulltext.txt,markdown/00312-phy-212-module-item-module-3-gravity-conclusion-general-physics-with-calculus-ph-212-400-u2026.md,,metadata/00312-phy-212-module-item-module-3-gravity-conclusion-general-physics-with-calculus-ph-212-400-u2026.json,e6dc0e79dd9381b63b8eb11428b9c85ea15fd685c48e1843ca92ee8630e84c0b,c904b3326988bba3581a152ff5b37d14db5d96834c66d1aa85617a0a8620c303,2026-07-18T06:25:09.943Z,1,36,2,0,0,0
00313-phy-212-module-item-lab-4-instructions-general-physics-with-calculus-ph-212-400-u2026,2053526,PHY-212,module_item,module_item,https://canvas.oregonstate.edu/courses/2053526/modules/items/26896980,https://canvas.oregonstate.edu/courses/2053526/pages/lab-4-instructions-2?module_item_id=26896980,Lab 4 Instructions: GENERAL PHYSICS WITH CALCULUS (PH_212_400_U2026),page,lab-4-instructions-2,1,yes,,raw_html/00313-phy-212-module-item-lab-4-instructions-general-physics-with-calculus-ph-212-400-u2026.html,text/00313-phy-212-module-item-lab-4-instructions-general-physics-with-calculus-ph-212-400-u2026.txt,text/00313-phy-212-module-item-lab-4-instructions-general-physics-with-calculus-ph-212-400-u2026.fulltext.txt,markdown/00313-phy-212-module-item-lab-4-instructions-general-physics-with-calculus-ph-212-400-u2026.md,,metadata/00313-phy-212-module-item-lab-4-instructions-general-physics-with-calculus-ph-212-400-u2026.json,b607d10c083e90579d3d27fadd69a04ee8d2011e15ae00fb3823b926b346d110,2eb4ad9c066df37ae837ddd69cb30e4c0aca1107fc7677943f6701bad30a70e4,2026-07-18T06:25:12.354Z,5,38,2,0,0,0
00314-phy-212-module-item-module-4-overview-of-oscillations-general-physics-with-calculus-ph-212-400-u2026,2053526,PHY-212,module_item,module_item,https://canvas.oregonstate.edu/courses/2053526/modules/items/26896977,https://canvas.oregonstate.edu/courses/2053526/pages/module-4-%7C-overview-of-oscillations?module_item_id=26896977,Module 4 | Overview of Oscillations: GENERAL PHYSICS WITH CALCULUS (PH_212_400_U2026),page,module-4-%7C-overview-of-oscillations,1,yes,,raw_html/00314-phy-212-module-item-module-4-overview-of-oscillations-general-physics-with-calculus-ph-212-400-u2026.html,text/00314-phy-212-module-item-module-4-overview-of-oscillations-general-physics-with-calculus-ph-212-400-u2026.txt,text/00314-phy-212-module-item-module-4-overview-of-oscillations-general-physics-with-calculus-ph-212-400-u2026.fulltext.txt,markdown/00314-phy-212-module-item-module-4-overview-of-oscillations-general-physics-with-calculus-ph-212-400-u2026.md,,metadata/00314-phy-212-module-item-module-4-overview-of-oscillations-general-physics-with-calculus-ph-212-400-u2026.json,934f772915b353069c5937b17e8a42a26249331daa23a33e698aa28747a0fe89,2cc20a982be1224097a8bf2447c46984acd41769b9c98cea1bd308c86f26456e,2026-07-18T06:25:14.950Z,4,37,2,0,0,0
00315-phy-212-module-item-module-4-oscillations-learning-materials-general-physics-with-calculus-ph-212-400-u2026,2053526,PHY-212,module_item,module_item,https://canvas.oregonstate.edu/courses/2053526/modules/items/26896978,https://canvas.oregonstate.edu/courses/2053526/pages/module-4-%7C-oscillations-%7C-learning-materials?module_item_id=26896978,Module 4 | Oscillations | Learning Materials: GENERAL PHYSICS WITH CALCULUS (PH_212_400_U2026),page,module-4-%7C-oscillations-%7C-learning-materials,1,yes,,raw_html/00315-phy-212-module-item-module-4-oscillations-learning-materials-general-physics-with-calculus-ph-212-400-u2026.html,text/00315-phy-212-module-item-module-4-oscillations-learning-materials-general-physics-with-calculus-ph-212-400-u2026.txt,text/00315-phy-212-module-item-module-4-oscillations-learning-materials-general-physics-with-calculus-ph-212-400-u2026.fulltext.txt,markdown/00315-phy-212-module-item-module-4-oscillations-learning-materials-general-physics-with-calculus-ph-212-400-u2026.md,,metadata/00315-phy-212-module-item-module-4-oscillations-learning-materials-general-physics-with-calculus-ph-212-400-u2026.json,7877a51f923956d236e864da4c2217e6631bb1f7ca8488c7c1412f32d6b3e789,ab2d96eac75d71aa6a72805401ff0e4db5598cfd7beeb93d914194e70c52b9d3,2026-07-18T06:25:18.074Z,4,37,3,0,0,0
00316-phy-212-module-item-module-4-oscillations-required-activities-general-physics-with-calculus-ph-212-400-u2026,2053526,PHY-212,module_item,module_item,https://canvas.oregonstate.edu/courses/2053526/modules/items/26896979,https://canvas.oregonstate.edu/courses/2053526/pages/module-4-%7C-oscillations-%7C-required-activities?module_item_id=26896979,Module 4 | Oscillations | Required Activities: GENERAL PHYSICS WITH CALCULUS (PH_212_400_U2026),page,module-4-%7C-oscillations-%7C-required-activities,1,yes,,raw_html/00316-phy-212-module-item-module-4-oscillations-required-activities-general-physics-with-calculus-ph-212-400-u2026.html,text/00316-phy-212-module-item-module-4-oscillations-required-activities-general-physics-with-calculus-ph-212-400-u2026.txt,text/00316-phy-212-module-item-module-4-oscillations-required-activities-general-physics-with-calculus-ph-212-400-u2026.fulltext.txt,markdown/00316-phy-212-module-item-module-4-oscillations-required-activities-general-physics-with-calculus-ph-212-400-u2026.md,,metadata/00316-phy-212-module-item-module-4-oscillations-required-activities-general-physics-with-calculus-ph-212-400-u2026.json,68dacc49fda08b10abd237aa55277363bcce2670ac55db154912fef71768ff4f,c7321fe72c83bc980ec073807f07c73d16c5f1adb1428112a563d0d37bdd035b,2026-07-18T06:25:20.997Z,4,39,2,0,0,0
00317-phy-212-module-item-module-4-oscillations-conclusion-general-physics-with-calculus-ph-212-400-u2026,2053526,PHY-212,module_item,module_item,https://canvas.oregonstate.edu/courses/2053526/modules/items/26896982,https://canvas.oregonstate.edu/courses/2053526/pages/module-4-%7C-oscillations-%7C-conclusion?module_item_id=26896982,Module 4 | Oscillations | Conclusion: GENERAL PHYSICS WITH CALCULUS (PH_212_400_U2026),page,module-4-%7C-oscillations-%7C-conclusion,1,yes,,raw_html/00317-phy-212-module-item-module-4-oscillations-conclusion-general-physics-with-calculus-ph-212-400-u2026.html,text/00317-phy-212-module-item-module-4-oscillations-conclusion-general-physics-with-calculus-ph-212-400-u2026.txt,text/00317-phy-212-module-item-module-4-oscillations-conclusion-general-physics-with-calculus-ph-212-400-u2026.fulltext.txt,markdown/00317-phy-212-module-item-module-4-oscillations-conclusion-general-physics-with-calculus-ph-212-400-u2026.md,,metadata/00317-phy-212-module-item-module-4-oscillations-conclusion-general-physics-with-calculus-ph-212-400-u2026.json,63582b3637bd763cb20566411d57d510e11e28fb5b616843316dadce8fcc30a6,9c40ba59561cb411699fec362fcf56722e1ba20b189bc8fbea332913db9a7c38,2026-07-18T06:25:23.477Z,1,36,2,0,0,0
00318-phy-212-module-item-module-5-overview-of-waves-general-physics-with-calculus-ph-212-400-u2026,2053526,PHY-212,module_item,module_item,https://canvas.oregonstate.edu/courses/2053526/modules/items/26896983,https://canvas.oregonstate.edu/courses/2053526/pages/module-5-%7C-overview-of-waves?module_item_id=26896983,Module 5 | Overview of Waves: GENERAL PHYSICS WITH CALCULUS (PH_212_400_U2026),page,module-5-%7C-overview-of-waves,1,yes,,raw_html/00318-phy-212-module-item-module-5-overview-of-waves-general-physics-with-calculus-ph-212-400-u2026.html,text/00318-phy-212-module-item-module-5-overview-of-waves-general-physics-with-calculus-ph-212-400-u2026.txt,text/00318-phy-212-module-item-module-5-overview-of-waves-general-physics-with-calculus-ph-212-400-u2026.fulltext.txt,markdown/00318-phy-212-module-item-module-5-overview-of-waves-general-physics-with-calculus-ph-212-400-u2026.md,,metadata/00318-phy-212-module-item-module-5-overview-of-waves-general-physics-with-calculus-ph-212-400-u2026.json,e4696007d94cda3c03bc5112bed4a10ca81db5f989a75dda252bee129eae5954,dffbbcc52ba6af82e3f289d3b9076f5469a6561ffc6613fc67417cdcfe70d7e0,2026-07-18T06:25:26.095Z,4,37,2,0,0,0
00319-phy-212-module-item-module-5-waves-learning-materials-general-physics-with-calculus-ph-212-400-u2026,2053526,PHY-212,module_item,module_item,https://canvas.oregonstate.edu/courses/2053526/modules/items/26896984,https://canvas.oregonstate.edu/courses/2053526/pages/module-5-%7C-waves-%7C-learning-materials?module_item_id=26896984,Module 5 | Waves | Learning Materials: GENERAL PHYSICS WITH CALCULUS (PH_212_400_U2026),page,module-5-%7C-waves-%7C-learning-materials,1,yes,,raw_html/00319-phy-212-module-item-module-5-waves-learning-materials-general-physics-with-calculus-ph-212-400-u2026.html,text/00319-phy-212-module-item-module-5-waves-learning-materials-general-physics-with-calculus-ph-212-400-u2026.txt,text/00319-phy-212-module-item-module-5-waves-learning-materials-general-physics-with-calculus-ph-212-400-u2026.fulltext.txt,markdown/00319-phy-212-module-item-module-5-waves-learning-materials-general-physics-with-calculus-ph-212-400-u2026.md,,metadata/00319-phy-212-module-item-module-5-waves-learning-materials-general-physics-with-calculus-ph-212-400-u2026.json,827af21ea2756c1f42531c6b37f884c83282fadfde98bb5def110831be3cae98,477cce432de0b51415f5e1e224d4dd2ecab1157040ed6becf5e80052555db688,2026-07-18T06:25:28.542Z,5,38,3,0,0,0
00320-phy-212-module-item-module-5-waves-required-activities-general-physics-with-calculus-ph-212-400-u2026,2053526,PHY-212,module_item,module_item,https://canvas.oregonstate.edu/courses/2053526/modules/items/26896985,https://canvas.oregonstate.edu/courses/2053526/pages/module-5-%7C-waves-%7C-required-activities?module_item_id=26896985,Module 5 | Waves | Required Activities: GENERAL PHYSICS WITH CALCULUS (PH_212_400_U2026),page,module-5-%7C-waves-%7C-required-activities,1,yes,,raw_html/00320-phy-212-module-item-module-5-waves-required-activities-general-physics-with-calculus-ph-212-400-u2026.html,text/00320-phy-212-module-item-module-5-waves-required-activities-general-physics-with-calculus-ph-212-400-u2026.txt,text/00320-phy-212-module-item-module-5-waves-required-activities-general-physics-with-calculus-ph-212-400-u2026.fulltext.txt,markdown/00320-phy-212-module-item-module-5-waves-required-activities-general-physics-with-calculus-ph-212-400-u2026.md,,metadata/00320-phy-212-module-item-module-5-waves-required-activities-general-physics-with-calculus-ph-212-400-u2026.json,d9719b41193f41945d16d3debfaecec5497b3474161aa2ec25d16f0757fe8d87,821a35e78fe92208846844d1e72086db482f888e23358835d6b75a87d2508257,2026-07-18T06:25:31.443Z,4,61,2,0,0,0
00321-phy-212-module-item-lab-5-instructions-general-physics-with-calculus-ph-212-400-u2026,2053526,PHY-212,module_item,module_item,https://canvas.oregonstate.edu/courses/2053526/modules/items/26896986,https://canvas.oregonstate.edu/courses/2053526/pages/lab-5-instructions-2?module_item_id=26896986,Lab 5 Instructions: GENERAL PHYSICS WITH CALCULUS (PH_212_400_U2026),page,lab-5-instructions-2,1,yes,,raw_html/00321-phy-212-module-item-lab-5-instructions-general-physics-with-calculus-ph-212-400-u2026.html,text/00321-phy-212-module-item-lab-5-instructions-general-physics-with-calculus-ph-212-400-u2026.txt,text/00321-phy-212-module-item-lab-5-instructions-general-physics-with-calculus-ph-212-400-u2026.fulltext.txt,markdown/00321-phy-212-module-item-lab-5-instructions-general-physics-with-calculus-ph-212-400-u2026.md,,metadata/00321-phy-212-module-item-lab-5-instructions-general-physics-with-calculus-ph-212-400-u2026.json,e18d8f1d018b71741b1d8a1ef00b4273191a9dc9753ff75879e9b692808510c2,dcf4000e2960f4399008d90633535e81909a7cd33e1ddfdda20081ca349e2937,2026-07-18T06:25:33.986Z,5,38,2,0,0,0
00322-phy-212-module-item-lab-group-check-in-survey-lab-5-general-physics-with-calculus-ph-212-400-u2026,2053526,PHY-212,module_item,module_item,https://canvas.oregonstate.edu/courses/2053526/modules/items/26896987,https://canvas.oregonstate.edu/courses/2053526/quizzes/3160466?module_item_id=26896987,Lab Group Check-In Survey (Lab 5): GENERAL PHYSICS WITH CALCULUS (PH_212_400_U2026),quiz,3160466,1,yes,,raw_html/00322-phy-212-module-item-lab-group-check-in-survey-lab-5-general-physics-with-calculus-ph-212-400-u2026.html,text/00322-phy-212-module-item-lab-group-check-in-survey-lab-5-general-physics-with-calculus-ph-212-400-u2026.txt,text/00322-phy-212-module-item-lab-group-check-in-survey-lab-5-general-physics-with-calculus-ph-212-400-u2026.fulltext.txt,markdown/00322-phy-212-module-item-lab-group-check-in-survey-lab-5-general-physics-with-calculus-ph-212-400-u2026.md,,metadata/00322-phy-212-module-item-lab-group-check-in-survey-lab-5-general-physics-with-calculus-ph-212-400-u2026.json,5dfb75e8e1eac46a8b9db883b6133d46ed28aafab084d3017aa8b3fe86c036be,9fa80e42356c612d24c06c11228f0938a47a2be8902a3328205bea2e70f556f5,2026-07-18T06:25:36.491Z,1,36,2,0,0,0
00323-phy-212-module-item-capstone-lab-week-1-general-physics-with-calculus-ph-212-400-u2026,2053526,PHY-212,module_item,module_item,https://canvas.oregonstate.edu/courses/2053526/modules/items/26896988,https://canvas.oregonstate.edu/courses/2053526/pages/capstone-lab-week-1?module_item_id=26896988,Capstone Lab Week 1: GENERAL PHYSICS WITH CALCULUS (PH_212_400_U2026),page,capstone-lab-week-1,1,yes,,raw_html/00323-phy-212-module-item-capstone-lab-week-1-general-physics-with-calculus-ph-212-400-u2026.html,text/00323-phy-212-module-item-capstone-lab-week-1-general-physics-with-calculus-ph-212-400-u2026.txt,text/00323-phy-212-module-item-capstone-lab-week-1-general-physics-with-calculus-ph-212-400-u2026.fulltext.txt,markdown/00323-phy-212-module-item-capstone-lab-week-1-general-physics-with-calculus-ph-212-400-u2026.md,,metadata/00323-phy-212-module-item-capstone-lab-week-1-general-physics-with-calculus-ph-212-400-u2026.json,b7ef3926eb445261bfc8ecf1cc011bca7a5504b02d453ad73061dc7cbb2552ab,4c2eb83e936c4cda5d55009f27fa08c9a33d69803a06a1bce591ae0b87df1b13,2026-07-18T06:25:39.012Z,10,43,2,0,0,0
00324-phy-212-module-item-module-5-waves-conclusion-general-physics-with-calculus-ph-212-400-u2026,2053526,PHY-212,module_item,module_item,https://canvas.oregonstate.edu/courses/2053526/modules/items/26896989,https://canvas.oregonstate.edu/courses/2053526/pages/module-5-%7C-waves-%7C-conclusion?module_item_id=26896989,Module 5 | Waves | Conclusion: GENERAL PHYSICS WITH CALCULUS (PH_212_400_U2026),page,module-5-%7C-waves-%7C-conclusion,1,yes,,raw_html/00324-phy-212-module-item-module-5-waves-conclusion-general-physics-with-calculus-ph-212-400-u2026.html,text/00324-phy-212-module-item-module-5-waves-conclusion-general-physics-with-calculus-ph-212-400-u2026.txt,text/00324-phy-212-module-item-module-5-waves-conclusion-general-physics-with-calculus-ph-212-400-u2026.fulltext.txt,markdown/00324-phy-212-module-item-module-5-waves-conclusion-general-physics-with-calculus-ph-212-400-u2026.md,,metadata/00324-phy-212-module-item-module-5-waves-conclusion-general-physics-with-calculus-ph-212-400-u2026.json,7ee470667bfd8136f3559855e818b712c0f3992d21dc58a41bc9740041a43abf,0e0aceb797c4780e5f5bce95698b5cb454a99b20d3b605538807ed6a562e8bea,2026-07-18T06:25:41.407Z,1,35,2,0,0,0
00325-phy-212-linked-detail-topic-quiz-2-july-18-20,2053526,PHY-212,linked_detail,linked_detail,https://canvas.oregonstate.edu/courses/2053526/discussion_topics/11611707,https://canvas.oregonstate.edu/courses/2053526/discussion_topics/11611707,Topic: Quiz 2 July 18 - 20,discussion,11611707,1,,,raw_html/00325-phy-212-linked-detail-topic-quiz-2-july-18-20.html,text/00325-phy-212-linked-detail-topic-quiz-2-july-18-20.txt,text/00325-phy-212-linked-detail-topic-quiz-2-july-18-20.fulltext.txt,markdown/00325-phy-212-linked-detail-topic-quiz-2-july-18-20.md,,metadata/00325-phy-212-linked-detail-topic-quiz-2-july-18-20.json,b73ac761f4a420f3759fc226a3103164eb351a48b6b34d5c082f23549ac0bcbf,e3b0c44298fc1c149afbf4c8996fb92427ae41e4649b934ca495991b7852b855,2026-07-18T06:25:43.916Z,0,34,2,0,0,0
00326-phy-212-linked-detail-topic-quiz-1-july-4-6,2053526,PHY-212,linked_detail,linked_detail,https://canvas.oregonstate.edu/courses/2053526/discussion_topics/11605879,https://canvas.oregonstate.edu/courses/2053526/discussion_topics/11605879,Topic: Quiz 1 July 4-6,discussion,11605879,1,,,raw_html/00326-phy-212-linked-detail-topic-quiz-1-july-4-6.html,text/00326-phy-212-linked-detail-topic-quiz-1-july-4-6.txt,text/00326-phy-212-linked-detail-topic-quiz-1-july-4-6.fulltext.txt,markdown/00326-phy-212-linked-detail-topic-quiz-1-july-4-6.md,,metadata/00326-phy-212-linked-detail-topic-quiz-1-july-4-6.json,183624a42defc194554e9c6f04dad30560205177b9a5fe73acb9d35662a8b368,9fd8c1cc2111b05de87c6e5a414259a0dbddb713acbb89bfd52ab34c93b223cd,2026-07-18T06:25:47.165Z,1,36,2,0,0,0
00327-phy-212-linked-detail-topic-m2-1pre-upload,2053526,PHY-212,linked_detail,linked_detail,https://canvas.oregonstate.edu/courses/2053526/discussion_topics/11605102,https://canvas.oregonstate.edu/courses/2053526/discussion_topics/11605102,Topic: M2-1pre upload,discussion,11605102,1,,,raw_html/00327-phy-212-linked-detail-topic-m2-1pre-upload.html,text/00327-phy-212-linked-detail-topic-m2-1pre-upload.txt,text/00327-phy-212-linked-detail-topic-m2-1pre-upload.fulltext.txt,markdown/00327-phy-212-linked-detail-topic-m2-1pre-upload.md,,metadata/00327-phy-212-linked-detail-topic-m2-1pre-upload.json,1cd8e59e57d6f9001deafd942edae271bf67371b222e3d25d3eb10352d78965a,e3b0c44298fc1c149afbf4c8996fb92427ae41e4649b934ca495991b7852b855,2026-07-18T06:25:49.596Z,0,34,2,0,0,0
00328-phy-212-linked-detail-topic-7-1-lecture-canceled,2053526,PHY-212,linked_detail,linked_detail,https://canvas.oregonstate.edu/courses/2053526/discussion_topics/11604493,https://canvas.oregonstate.edu/courses/2053526/discussion_topics/11604493,Topic: 7/1 Lecture canceled,discussion,11604493,1,,,raw_html/00328-phy-212-linked-detail-topic-7-1-lecture-canceled.html,text/00328-phy-212-linked-detail-topic-7-1-lecture-canceled.txt,text/00328-phy-212-linked-detail-topic-7-1-lecture-canceled.fulltext.txt,markdown/00328-phy-212-linked-detail-topic-7-1-lecture-canceled.md,,metadata/00328-phy-212-linked-detail-topic-7-1-lecture-canceled.json,c0adefb9c8285ee2104cbc80261b312680dca357de061b1abb568ea12c517804,a79afbc3cc017637306c82ea2e44a9a5ffb8ba20f3e7dadd4b16ecc168efdaac,2026-07-18T06:25:52.600Z,1,35,2,0,0,0
00329-phy-212-linked-detail-topic-please-email-your-lab-ta-to-confirm-your-meeting-time,2053526,PHY-212,linked_detail,linked_detail,https://canvas.oregonstate.edu/courses/2053526/discussion_topics/11601297,https://canvas.oregonstate.edu/courses/2053526/discussion_topics/11601297,Topic: Please email your Lab TA to confirm your meeting time,discussion,11601297,1,,,raw_html/00329-phy-212-linked-detail-topic-please-email-your-lab-ta-to-confirm-your-meeting-time.html,text/00329-phy-212-linked-detail-topic-please-email-your-lab-ta-to-confirm-your-meeting-time.txt,text/00329-phy-212-linked-detail-topic-please-email-your-lab-ta-to-confirm-your-meeting-time.fulltext.txt,markdown/00329-phy-212-linked-detail-topic-please-email-your-lab-ta-to-confirm-your-meeting-time.md,,metadata/00329-phy-212-linked-detail-topic-please-email-your-lab-ta-to-confirm-your-meeting-time.json,7ae1cb1ae2dbd2f37958c276567eb59d958fba27d403b7e980f7ff4f35536fee,e3b0c44298fc1c149afbf4c8996fb92427ae41e4649b934ca495991b7852b855,2026-07-18T06:25:54.903Z,0,34,2,0,0,0
00330-phy-212-linked-detail-topic-first-day-lecture-and-participation,2053526,PHY-212,linked_detail,linked_detail,https://canvas.oregonstate.edu/courses/2053526/discussion_topics/11597788,https://canvas.oregonstate.edu/courses/2053526/discussion_topics/11597788,Topic: First day lecture and participation,discussion,11597788,1,,,raw_html/00330-phy-212-linked-detail-topic-first-day-lecture-and-participation.html,text/00330-phy-212-linked-detail-topic-first-day-lecture-and-participation.txt,text/00330-phy-212-linked-detail-topic-first-day-lecture-and-participation.fulltext.txt,markdown/00330-phy-212-linked-detail-topic-first-day-lecture-and-participation.md,,metadata/00330-phy-212-linked-detail-topic-first-day-lecture-and-participation.json,b993b6cb707dd1910aade8ffc443506762656c8bba3d5c686eb62e5454901231,e3b0c44298fc1c149afbf4c8996fb92427ae41e4649b934ca495991b7852b855,2026-07-18T06:25:57.399Z,0,34,2,0,0,0
00331-phy-212-linked-detail-topic-welcome,2053526,PHY-212,linked_detail,linked_detail,https://canvas.oregonstate.edu/courses/2053526/discussion_topics/11563801,https://canvas.oregonstate.edu/courses/2053526/discussion_topics/11563801,Topic: Welcome!,discussion,11563801,1,,,raw_html/00331-phy-212-linked-detail-topic-welcome.html,text/00331-phy-212-linked-detail-topic-welcome.txt,text/00331-phy-212-linked-detail-topic-welcome.fulltext.txt,markdown/00331-phy-212-linked-detail-topic-welcome.md,,metadata/00331-phy-212-linked-detail-topic-welcome.json,1730d244180a782707bf3203d183f3dfad8f4b25e2be6cdf394432949c92cd6e,e3b0c44298fc1c149afbf4c8996fb92427ae41e4649b934ca495991b7852b855,2026-07-18T06:26:01.653Z,0,34,2,0,0,0
00332-phy-212-linked-detail-topic-general-discussion-faqs,2053526,PHY-212,linked_detail,linked_detail,https://canvas.oregonstate.edu/courses/2053526/discussion_topics/11563815,https://canvas.oregonstate.edu/courses/2053526/discussion_topics/11563815,Topic: General Discussion & FAQs,discussion,11563815,1,,,raw_html/00332-phy-212-linked-detail-topic-general-discussion-faqs.html,text/00332-phy-212-linked-detail-topic-general-discussion-faqs.txt,text/00332-phy-212-linked-detail-topic-general-discussion-faqs.fulltext.txt,markdown/00332-phy-212-linked-detail-topic-general-discussion-faqs.md,,metadata/00332-phy-212-linked-detail-topic-general-discussion-faqs.json,b1303c0b8f3818a2ef70696ceb1067e3adcffb18eca8f2c73d1a0a268494f751,e3b0c44298fc1c149afbf4c8996fb92427ae41e4649b934ca495991b7852b855,2026-07-18T06:26:04.698Z,0,34,2,0,0,0
00333-phy-212-linked-detail-topic-lab-1-discussion-lab-group-22,2053526,PHY-212,linked_detail,linked_detail,https://canvas.oregonstate.edu/courses/2053526/discussion_topics/11563804,https://canvas.oregonstate.edu/groups/733396/discussion_topics/11579973,Topic: Lab 1 Discussion - Lab Group 22,discussion,11579973,1,yes,,raw_html/00333-phy-212-linked-detail-topic-lab-1-discussion-lab-group-22.html,text/00333-phy-212-linked-detail-topic-lab-1-discussion-lab-group-22.txt,text/00333-phy-212-linked-detail-topic-lab-1-discussion-lab-group-22.fulltext.txt,markdown/00333-phy-212-linked-detail-topic-lab-1-discussion-lab-group-22.md,,metadata/00333-phy-212-linked-detail-topic-lab-1-discussion-lab-group-22.json,703f2ea79ee7bcc3e0d4c8fc5627247b50a31df3108599ecb2d6e3385a3cce77,e3b0c44298fc1c149afbf4c8996fb92427ae41e4649b934ca495991b7852b855,2026-07-18T06:26:08.298Z,0,25,2,0,0,0
00334-phy-212-linked-detail-topic-project-optional-step-find-group-members,2053526,PHY-212,linked_detail,linked_detail,https://canvas.oregonstate.edu/courses/2053526/discussion_topics/11563812,https://canvas.oregonstate.edu/courses/2053526/discussion_topics/11563812,Topic: 🤔 Project | Optional Step: Find Group Members,discussion,11563812,1,,,raw_html/00334-phy-212-linked-detail-topic-project-optional-step-find-group-members.html,text/00334-phy-212-linked-detail-topic-project-optional-step-find-group-members.txt,text/00334-phy-212-linked-detail-topic-project-optional-step-find-group-members.fulltext.txt,markdown/00334-phy-212-linked-detail-topic-project-optional-step-find-group-members.md,,metadata/00334-phy-212-linked-detail-topic-project-optional-step-find-group-members.json,17e4b69762f4c56428378dee1277b7f58c0067e3b6867f396d0216663f12ce40,e3b0c44298fc1c149afbf4c8996fb92427ae41e4649b934ca495991b7852b855,2026-07-18T06:26:11.342Z,0,34,2,0,0,0
00335-phy-212-linked-detail-topic-lab-6-discussion-lab-group-22,2053526,PHY-212,linked_detail,linked_detail,https://canvas.oregonstate.edu/courses/2053526/discussion_topics/11563808,https://canvas.oregonstate.edu/groups/733396/discussion_topics/11579983,Topic: Lab 6 Discussion - Lab Group 22,discussion,11579983,1,yes,,raw_html/00335-phy-212-linked-detail-topic-lab-6-discussion-lab-group-22.html,text/00335-phy-212-linked-detail-topic-lab-6-discussion-lab-group-22.txt,text/00335-phy-212-linked-detail-topic-lab-6-discussion-lab-group-22.fulltext.txt,markdown/00335-phy-212-linked-detail-topic-lab-6-discussion-lab-group-22.md,,metadata/00335-phy-212-linked-detail-topic-lab-6-discussion-lab-group-22.json,f55fcac78bd4f976b433d983431d8377991cff2a88272ecbf35c4c5e11d08577,e3b0c44298fc1c149afbf4c8996fb92427ae41e4649b934ca495991b7852b855,2026-07-18T06:26:14.713Z,0,25,2,0,0,0
00336-phy-212-linked-detail-topic-capstone-lab-week-2-discussion-lab-group-22,2053526,PHY-212,linked_detail,linked_detail,https://canvas.oregonstate.edu/courses/2053526/discussion_topics/11563814,https://canvas.oregonstate.edu/groups/733396/discussion_topics/11579985,Topic: Capstone Lab Week 2 Discussion - Lab Group 22,discussion,11579985,1,yes,,raw_html/00336-phy-212-linked-detail-topic-capstone-lab-week-2-discussion-lab-group-22.html,text/00336-phy-212-linked-detail-topic-capstone-lab-week-2-discussion-lab-group-22.txt,text/00336-phy-212-linked-detail-topic-capstone-lab-week-2-discussion-lab-group-22.fulltext.txt,markdown/00336-phy-212-linked-detail-topic-capstone-lab-week-2-discussion-lab-group-22.md,,metadata/00336-phy-212-linked-detail-topic-capstone-lab-week-2-discussion-lab-group-22.json,d2baf78a4b6daedd0918f8a3b9544690229a3e13f04ca9a866e702c6730d9d67,e3b0c44298fc1c149afbf4c8996fb92427ae41e4649b934ca495991b7852b855,2026-07-18T06:26:17.644Z,0,25,2,0,0,0
00337-phy-212-linked-detail-topic-capstone-lab-week-1-discussion-lab-group-22,2053526,PHY-212,linked_detail,linked_detail,https://canvas.oregonstate.edu/courses/2053526/discussion_topics/11563803,https://canvas.oregonstate.edu/groups/733396/discussion_topics/11579965,Topic: Capstone Lab Week 1 Discussion - Lab Group 22,discussion,11579965,1,yes,,raw_html/00337-phy-212-linked-detail-topic-capstone-lab-week-1-discussion-lab-group-22.html,text/00337-phy-212-linked-detail-topic-capstone-lab-week-1-discussion-lab-group-22.txt,text/00337-phy-212-linked-detail-topic-capstone-lab-week-1-discussion-lab-group-22.fulltext.txt,markdown/00337-phy-212-linked-detail-topic-capstone-lab-week-1-discussion-lab-group-22.md,,metadata/00337-phy-212-linked-detail-topic-capstone-lab-week-1-discussion-lab-group-22.json,9868e8bcccbcbd5bed9d3e6fae29e05a0c0b398db44ecdd6bad4a274718dc80b,e3b0c44298fc1c149afbf4c8996fb92427ae41e4649b934ca495991b7852b855,2026-07-18T06:26:21.643Z,0,25,2,0,0,0
00338-phy-212-linked-detail-topic-lab-5-discussion-lab-group-22,2053526,PHY-212,linked_detail,linked_detail,https://canvas.oregonstate.edu/courses/2053526/discussion_topics/11563807,https://canvas.oregonstate.edu/groups/733396/discussion_topics/11580054,Topic: Lab 5 Discussion - Lab Group 22,discussion,11580054,1,yes,,raw_html/00338-phy-212-linked-detail-topic-lab-5-discussion-lab-group-22.html,text/00338-phy-212-linked-detail-topic-lab-5-discussion-lab-group-22.txt,text/00338-phy-212-linked-detail-topic-lab-5-discussion-lab-group-22.fulltext.txt,markdown/00338-phy-212-linked-detail-topic-lab-5-discussion-lab-group-22.md,,metadata/00338-phy-212-linked-detail-topic-lab-5-discussion-lab-group-22.json,c09f12b5058a2f99bd46c645c333f3bd908f87cd9d1e3aaa33d650cf39371377,e3b0c44298fc1c149afbf4c8996fb92427ae41e4649b934ca495991b7852b855,2026-07-18T06:26:24.970Z,0,25,2,0,0,0
00339-phy-212-linked-detail-topic-lab-4-discussion-lab-group-22,2053526,PHY-212,linked_detail,linked_detail,https://canvas.oregonstate.edu/courses/2053526/discussion_topics/11563809,https://canvas.oregonstate.edu/groups/733396/discussion_topics/11579969,Topic: Lab 4 Discussion - Lab Group 22,discussion,11579969,1,yes,,raw_html/00339-phy-212-linked-detail-topic-lab-4-discussion-lab-group-22.html,text/00339-phy-212-linked-detail-topic-lab-4-discussion-lab-group-22.txt,text/00339-phy-212-linked-detail-topic-lab-4-discussion-lab-group-22.fulltext.txt,markdown/00339-phy-212-linked-detail-topic-lab-4-discussion-lab-group-22.md,,metadata/00339-phy-212-linked-detail-topic-lab-4-discussion-lab-group-22.json,0529eee136303c6ec66989e60376e7bf17f0af151e907e2f8cfb2149c3006822,e3b0c44298fc1c149afbf4c8996fb92427ae41e4649b934ca495991b7852b855,2026-07-18T06:26:27.842Z,0,25,2,0,0,0
00340-phy-212-linked-detail-topic-lab-3-discussion-lab-group-22,2053526,PHY-212,linked_detail,linked_detail,https://canvas.oregonstate.edu/courses/2053526/discussion_topics/11563805,https://canvas.oregonstate.edu/groups/733396/discussion_topics/11579981,Topic: Lab 3 Discussion - Lab Group 22,discussion,11579981,1,yes,,raw_html/00340-phy-212-linked-detail-topic-lab-3-discussion-lab-group-22.html,text/00340-phy-212-linked-detail-topic-lab-3-discussion-lab-group-22.txt,text/00340-phy-212-linked-detail-topic-lab-3-discussion-lab-group-22.fulltext.txt,markdown/00340-phy-212-linked-detail-topic-lab-3-discussion-lab-group-22.md,,metadata/00340-phy-212-linked-detail-topic-lab-3-discussion-lab-group-22.json,a5907b7b98d0f0ae782ad190f6c05a3dbe13fe2cd42aeab558a474c904af25e8,e3b0c44298fc1c149afbf4c8996fb92427ae41e4649b934ca495991b7852b855,2026-07-18T06:26:32.045Z,0,25,2,0,0,0
00341-phy-212-linked-detail-topic-lab-2-discussion-lab-group-22,2053526,PHY-212,linked_detail,linked_detail,https://canvas.oregonstate.edu/courses/2053526/discussion_topics/11563806,https://canvas.oregonstate.edu/groups/733396/discussion_topics/11579976,Topic: Lab 2 Discussion - Lab Group 22,discussion,11579976,1,yes,,raw_html/00341-phy-212-linked-detail-topic-lab-2-discussion-lab-group-22.html,text/00341-phy-212-linked-detail-topic-lab-2-discussion-lab-group-22.txt,text/00341-phy-212-linked-detail-topic-lab-2-discussion-lab-group-22.fulltext.txt,markdown/00341-phy-212-linked-detail-topic-lab-2-discussion-lab-group-22.md,,metadata/00341-phy-212-linked-detail-topic-lab-2-discussion-lab-group-22.json,fd1aa3da9a42093bee4bd37d736de581ed63f57823318517ee968f55ff6dbb13,e3b0c44298fc1c149afbf4c8996fb92427ae41e4649b934ca495991b7852b855,2026-07-18T06:26:36.293Z,0,25,2,0,0,0
00342-phy-212-linked-detail-topic-course-introductions,2053526,PHY-212,linked_detail,linked_detail,https://canvas.oregonstate.edu/courses/2053526/discussion_topics/11563802,https://canvas.oregonstate.edu/courses/2053526/discussion_topics/11563802,Topic: Course Introductions,discussion,11563802,1,,,raw_html/00342-phy-212-linked-detail-topic-course-introductions.html,text/00342-phy-212-linked-detail-topic-course-introductions.txt,text/00342-phy-212-linked-detail-topic-course-introductions.fulltext.txt,markdown/00342-phy-212-linked-detail-topic-course-introductions.md,,metadata/00342-phy-212-linked-detail-topic-course-introductions.json,844dc79f25ddc4b44e24bb0ec71acd8b2530bff947d568831da30f508383ab98,e3b0c44298fc1c149afbf4c8996fb92427ae41e4649b934ca495991b7852b855,2026-07-18T06:26:40.191Z,0,34,2,0,0,0
00343-mth-252-linked-detail-whw1-key-pdf-integral-calculus-mth-252z-400-u2026,2080857,MTH-252,linked_detail,linked_detail,https://canvas.oregonstate.edu/courses/2080857/files/119223581?module_item_id=26982502#,https://canvas.oregonstate.edu/courses/2080857/files/119223581?module_item_id=26982502#,WHW1-Key.pdf: INTEGRAL CALCULUS (MTH_252Z_400_U2026),file,119223581,2,,,raw_html/00343-mth-252-linked-detail-whw1-key-pdf-integral-calculus-mth-252z-400-u2026.html,text/00343-mth-252-linked-detail-whw1-key-pdf-integral-calculus-mth-252z-400-u2026.txt,text/00343-mth-252-linked-detail-whw1-key-pdf-integral-calculus-mth-252z-400-u2026.fulltext.txt,markdown/00343-mth-252-linked-detail-whw1-key-pdf-integral-calculus-mth-252z-400-u2026.md,,metadata/00343-mth-252-linked-detail-whw1-key-pdf-integral-calculus-mth-252z-400-u2026.json,be23b50cd77adcaf8591b8f40b83f7d0543be7480fc25e37d2f777178d836420,8fc7756a2f17ada73d02401cfe1d56647722c09c097d5d5ff8ca03cb6b7ff77e,2026-07-18T06:26:48.706Z,1,28,4,0,0,0
00344-mth-252-linked-detail-whw2-key-pdf-integral-calculus-mth-252z-400-u2026,2080857,MTH-252,linked_detail,linked_detail,https://canvas.oregonstate.edu/courses/2080857/files/119223582?module_item_id=26982503#,https://canvas.oregonstate.edu/courses/2080857/files/119223582?module_item_id=26982503#,WHW2-Key.pdf: INTEGRAL CALCULUS (MTH_252Z_400_U2026),file,119223582,2,,,raw_html/00344-mth-252-linked-detail-whw2-key-pdf-integral-calculus-mth-252z-400-u2026.html,text/00344-mth-252-linked-detail-whw2-key-pdf-integral-calculus-mth-252z-400-u2026.txt,text/00344-mth-252-linked-detail-whw2-key-pdf-integral-calculus-mth-252z-400-u2026.fulltext.txt,markdown/00344-mth-252-linked-detail-whw2-key-pdf-integral-calculus-mth-252z-400-u2026.md,,metadata/00344-mth-252-linked-detail-whw2-key-pdf-integral-calculus-mth-252z-400-u2026.json,1b81e263b7810853a417a6cad2d972e8851879549ed611909e3d86bb20c0adc5,c8cb12ecd02f0a18d291438b94b6cd64a5d8561b5689cb742862dffe0becab08,2026-07-18T06:26:52.846Z,1,31,4,0,0,0
00345-mth-252-linked-detail-whw3-key-pdf-integral-calculus-mth-252z-400-u2026,2080857,MTH-252,linked_detail,linked_detail,https://canvas.oregonstate.edu/courses/2080857/files/119223584?module_item_id=26982504#,https://canvas.oregonstate.edu/courses/2080857/files/119223584?module_item_id=26982504#,WHW3-Key.pdf: INTEGRAL CALCULUS (MTH_252Z_400_U2026),file,119223584,2,,,raw_html/00345-mth-252-linked-detail-whw3-key-pdf-integral-calculus-mth-252z-400-u2026.html,text/00345-mth-252-linked-detail-whw3-key-pdf-integral-calculus-mth-252z-400-u2026.txt,text/00345-mth-252-linked-detail-whw3-key-pdf-integral-calculus-mth-252z-400-u2026.fulltext.txt,markdown/00345-mth-252-linked-detail-whw3-key-pdf-integral-calculus-mth-252z-400-u2026.md,,metadata/00345-mth-252-linked-detail-whw3-key-pdf-integral-calculus-mth-252z-400-u2026.json,6271bd778e8f502b5529f8a307c928481481900f7fef90aa3b73bd75406fd310,2d86bca140ae19f5aafbd5dc1e7ac1fcff8f89ebeb63910908bd930cc0d0dee6,2026-07-18T06:26:56.344Z,1,28,4,0,0,0
00346-mth-252-linked-detail-mth-252z-400-syllabus-u26-gilliam-1-pdf-integral-calculus-mth-252z-400-u2026,2080857,MTH-252,linked_detail,linked_detail,https://canvas.oregonstate.edu/courses/2080857/files/119353385?wrap=1,https://canvas.oregonstate.edu/courses/2080857/files/119353385?wrap=1,MTH 252Z-400 Syllabus U26 Gilliam-1.pdf: INTEGRAL CALCULUS (MTH_252Z_400_U2026),file,119353385,2,,,raw_html/00346-mth-252-linked-detail-mth-252z-400-syllabus-u26-gilliam-1-pdf-integral-calculus-mth-252z-400-u2026.html,text/00346-mth-252-linked-detail-mth-252z-400-syllabus-u26-gilliam-1-pdf-integral-calculus-mth-252z-400-u2026.txt,text/00346-mth-252-linked-detail-mth-252z-400-syllabus-u26-gilliam-1-pdf-integral-calculus-mth-252z-400-u2026.fulltext.txt,markdown/00346-mth-252-linked-detail-mth-252z-400-syllabus-u26-gilliam-1-pdf-integral-calculus-mth-252z-400-u2026.md,,metadata/00346-mth-252-linked-detail-mth-252z-400-syllabus-u26-gilliam-1-pdf-integral-calculus-mth-252z-400-u2026.json,0fc2d4fd28253c8a16b18be072e0d3ae4f98ba0e2300a9cb1a2a489a7adff27f,070b1db9e62a77d900d18710408a55c3a5a4afee946ebb61ae32c5922e40c748,2026-07-18T06:26:59.138Z,1,29,4,0,0,0
00347-mth-252-linked-detail-syllabus-and-calendar-as-of-7-05-both-sections-400-and-401-integral-calculus-mth-252z-400-u2026,2080857,MTH-252,linked_detail,linked_detail,https://canvas.oregonstate.edu/courses/2080857/pages/syllabus-and-calendar-as-of-7-slash-05-%3E-both-sections-400-and-401?module_item_id=26982522#,https://canvas.oregonstate.edu/courses/2080857/pages/syllabus-and-calendar-as-of-7-slash-05-%3E-both-sections-400-and-401?module_item_id=26982522#,Syllabus and Calendar (as of 7/05) --> Both Sections 400 and 401: INTEGRAL CALCULUS (MTH_252Z_400_U2026),page,syllabus-and-calendar-as-of-7-slash-05-%3E-both-sections-400-and-401,2,,,raw_html/00347-mth-252-linked-detail-syllabus-and-calendar-as-of-7-05-both-sections-400-and-401-integral-calculus-mth-252z-400-u2026.html,text/00347-mth-252-linked-detail-syllabus-and-calendar-as-of-7-05-both-sections-400-and-401-integral-calculus-mth-252z-400-u2026.txt,text/00347-mth-252-linked-detail-syllabus-and-calendar-as-of-7-05-both-sections-400-and-401-integral-calculus-mth-252z-400-u2026.fulltext.txt,markdown/00347-mth-252-linked-detail-syllabus-and-calendar-as-of-7-05-both-sections-400-and-401-integral-calculus-mth-252z-400-u2026.md,,metadata/00347-mth-252-linked-detail-syllabus-and-calendar-as-of-7-05-both-sections-400-and-401-integral-calculus-mth-252z-400-u2026.json,40467360d7b800ed027215db9d1d628cc327c9c9dc49ece08d23321127819d61,8a811ace243bff6e410ffcd78c70f0fb4d249fd56bc6555c3d73a2bdebc6491e,2026-07-18T06:27:01.796Z,1,32,2,0,0,0
00348-mth-252-linked-detail-mth-252z-401-syllabus-u26-gilliam-1-pdf-integral-calculus-mth-252z-400-u2026,2080857,MTH-252,linked_detail,linked_detail,https://canvas.oregonstate.edu/courses/2080857/files/119353386?wrap=1,https://canvas.oregonstate.edu/courses/2080857/files/119353386?wrap=1,MTH 252Z-401 Syllabus U26 Gilliam-1.pdf: INTEGRAL CALCULUS (MTH_252Z_400_U2026),file,119353386,2,,,raw_html/00348-mth-252-linked-detail-mth-252z-401-syllabus-u26-gilliam-1-pdf-integral-calculus-mth-252z-400-u2026.html,text/00348-mth-252-linked-detail-mth-252z-401-syllabus-u26-gilliam-1-pdf-integral-calculus-mth-252z-400-u2026.txt,text/00348-mth-252-linked-detail-mth-252z-401-syllabus-u26-gilliam-1-pdf-integral-calculus-mth-252z-400-u2026.fulltext.txt,markdown/00348-mth-252-linked-detail-mth-252z-401-syllabus-u26-gilliam-1-pdf-integral-calculus-mth-252z-400-u2026.md,,metadata/00348-mth-252-linked-detail-mth-252z-401-syllabus-u26-gilliam-1-pdf-integral-calculus-mth-252z-400-u2026.json,7d40530f09df9b601fae1afb8d2b40f008a459089d3cb4211d4fcd6967746e19,3684e0f9c3efe7a03b0414974b65cde783933a0ef5ccfe9973ddde3b4605fc5e,2026-07-18T06:27:04.394Z,1,29,3,0,0,0
00349-mth-252-linked-detail-mth-252-online-course-calendar-pdf-integral-calculus-mth-252z-400-u2026,2080857,MTH-252,linked_detail,linked_detail,https://canvas.oregonstate.edu/courses/2080857/files/119246095?wrap=1,https://canvas.oregonstate.edu/courses/2080857/files/119246095?wrap=1,MTH-252-Online-Course-Calendar.pdf: INTEGRAL CALCULUS (MTH_252Z_400_U2026),file,119246095,2,,,raw_html/00349-mth-252-linked-detail-mth-252-online-course-calendar-pdf-integral-calculus-mth-252z-400-u2026.html,text/00349-mth-252-linked-detail-mth-252-online-course-calendar-pdf-integral-calculus-mth-252z-400-u2026.txt,text/00349-mth-252-linked-detail-mth-252-online-course-calendar-pdf-integral-calculus-mth-252z-400-u2026.fulltext.txt,markdown/00349-mth-252-linked-detail-mth-252-online-course-calendar-pdf-integral-calculus-mth-252z-400-u2026.md,,metadata/00349-mth-252-linked-detail-mth-252-online-course-calendar-pdf-integral-calculus-mth-252z-400-u2026.json,1f0f6aed846d7adf414b57cea6b401d63ddf2d8d832eb663b3b563018c3fc55f,c8e1523ca89e436ed9059c2603470cb335c69e45c076b638e11514082658231c,2026-07-18T06:27:07.224Z,1,28,4,0,0,0
00350-mth-252-linked-detail-achieve-registration-process-v3-pdf-integral-calculus-mth-252z-400-u2026,2080857,MTH-252,linked_detail,linked_detail,https://canvas.oregonstate.edu/courses/2080857/files/119223565?module_item_id=26982524#,https://canvas.oregonstate.edu/courses/2080857/files/119223565?module_item_id=26982524#,Achieve Registration Process_v3.pdf: INTEGRAL CALCULUS (MTH_252Z_400_U2026),file,119223565,2,,,raw_html/00350-mth-252-linked-detail-achieve-registration-process-v3-pdf-integral-calculus-mth-252z-400-u2026.html,text/00350-mth-252-linked-detail-achieve-registration-process-v3-pdf-integral-calculus-mth-252z-400-u2026.txt,text/00350-mth-252-linked-detail-achieve-registration-process-v3-pdf-integral-calculus-mth-252z-400-u2026.fulltext.txt,markdown/00350-mth-252-linked-detail-achieve-registration-process-v3-pdf-integral-calculus-mth-252z-400-u2026.md,,metadata/00350-mth-252-linked-detail-achieve-registration-process-v3-pdf-integral-calculus-mth-252z-400-u2026.json,e4c43f4d15f4220f9858dd4acec3a1b08b709cc121a0880a242b25b50d109d18,11492b3b6e08c3d4fae1e2119db28ee384b2f522644f4883793ae685c393411d,2026-07-18T06:27:10.843Z,1,31,4,0,0,0
00351-mth-252-linked-detail-openstax-course-online-textbook-pdf-downloadable,2080857,MTH-252,linked_detail,linked_detail,https://canvas.oregonstate.edu/courses/2080857/modules/items/26982526,https://canvas.oregonstate.edu/courses/2080857/modules/items/26982526,OpenStax Course Online Textbook (pdf downloadable),module_item,26982526,2,,,raw_html/00351-mth-252-linked-detail-openstax-course-online-textbook-pdf-downloadable.html,text/00351-mth-252-linked-detail-openstax-course-online-textbook-pdf-downloadable.txt,text/00351-mth-252-linked-detail-openstax-course-online-textbook-pdf-downloadable.fulltext.txt,markdown/00351-mth-252-linked-detail-openstax-course-online-textbook-pdf-downloadable.md,,metadata/00351-mth-252-linked-detail-openstax-course-online-textbook-pdf-downloadable.json,653519add00ccb35933fb82f91087b52c878134ef6d5a0f27971d22c0c0a1329,ceae46e38553d8fa91eaa324c82c0a22324d735b0ef6093b405d19fff8e65717,2026-07-18T06:27:13.154Z,1,28,2,0,0,0
00352-mth-252-linked-detail-mlc-hours-pdf-integral-calculus-mth-252z-400-u2026,2080857,MTH-252,linked_detail,linked_detail,https://canvas.oregonstate.edu/courses/2080857/files/119223484?module_item_id=26982536#,https://canvas.oregonstate.edu/courses/2080857/files/119223484?module_item_id=26982536#,MLC Hours.pdf: INTEGRAL CALCULUS (MTH_252Z_400_U2026),file,119223484,2,,,raw_html/00352-mth-252-linked-detail-mlc-hours-pdf-integral-calculus-mth-252z-400-u2026.html,text/00352-mth-252-linked-detail-mlc-hours-pdf-integral-calculus-mth-252z-400-u2026.txt,text/00352-mth-252-linked-detail-mlc-hours-pdf-integral-calculus-mth-252z-400-u2026.fulltext.txt,markdown/00352-mth-252-linked-detail-mlc-hours-pdf-integral-calculus-mth-252z-400-u2026.md,,metadata/00352-mth-252-linked-detail-mlc-hours-pdf-integral-calculus-mth-252z-400-u2026.json,b0cc3ded8f1196d6c4392b60284fcec25d7b7dd384983508a9306f53afb76dd6,9b92fd7e4ba6e9554634805f924a387d33a791e87e2faaf128e5802d08da80eb,2026-07-18T06:27:15.776Z,1,31,4,0,0,0
00353-mth-252-linked-detail-website-mslc-peer-tutoring,2080857,MTH-252,linked_detail,linked_detail,https://canvas.oregonstate.edu/courses/2080857/modules/items/26982535,https://canvas.oregonstate.edu/courses/2080857/modules/items/26982535,Website: MSLC --> Peer tutoring,module_item,26982535,2,,,raw_html/00353-mth-252-linked-detail-website-mslc-peer-tutoring.html,text/00353-mth-252-linked-detail-website-mslc-peer-tutoring.txt,text/00353-mth-252-linked-detail-website-mslc-peer-tutoring.fulltext.txt,markdown/00353-mth-252-linked-detail-website-mslc-peer-tutoring.md,,metadata/00353-mth-252-linked-detail-website-mslc-peer-tutoring.json,c81cc89982d1b69228fa4897129e292369c6e1a0f817ea6b86c3d8ca94319968,fda30879c3f6ac35771eda80a396083a8237439900a0f81b676dcc766ad44176,2026-07-18T06:27:19.343Z,1,30,3,0,0,0
00354-mth-252-linked-detail-textbook-openstax-calculus-volume-1-link,2080857,MTH-252,linked_detail,linked_detail,https://canvas.oregonstate.edu/courses/2080857/modules/items/27022202,https://canvas.oregonstate.edu/courses/2080857/modules/items/27022202,Textbook: OpenStax Calculus - Volume 1 link,module_item,27022202,2,,,raw_html/00354-mth-252-linked-detail-textbook-openstax-calculus-volume-1-link.html,text/00354-mth-252-linked-detail-textbook-openstax-calculus-volume-1-link.txt,text/00354-mth-252-linked-detail-textbook-openstax-calculus-volume-1-link.fulltext.txt,markdown/00354-mth-252-linked-detail-textbook-openstax-calculus-volume-1-link.md,,metadata/00354-mth-252-linked-detail-textbook-openstax-calculus-volume-1-link.json,b24b6154a6904d0ad2ff51f68f6b9c775d334f860b0a2711123b8cef2feeb2be,c54160dcb5104f8a724e4885b72eec41e93b4dda001c14821166809cae561d66,2026-07-18T06:27:22.590Z,1,28,2,0,0,0
00355-mth-252-linked-detail-front-page-integral-calculus-mth-252z-400-u2026,2080857,MTH-252,linked_detail,linked_detail,https://canvas.oregonstate.edu/courses/2080857/pages/front-page,https://canvas.oregonstate.edu/courses/2080857/pages/front-page,Front Page: INTEGRAL CALCULUS (MTH_252Z_400_U2026),page,front-page,2,,,raw_html/00355-mth-252-linked-detail-front-page-integral-calculus-mth-252z-400-u2026.html,text/00355-mth-252-linked-detail-front-page-integral-calculus-mth-252z-400-u2026.txt,text/00355-mth-252-linked-detail-front-page-integral-calculus-mth-252z-400-u2026.fulltext.txt,markdown/00355-mth-252-linked-detail-front-page-integral-calculus-mth-252z-400-u2026.md,,metadata/00355-mth-252-linked-detail-front-page-integral-calculus-mth-252z-400-u2026.json,1e57bbbdeb5d773ec445447f6cf32f1b0039acd3ebd9a7799da26181d320fdf1,93837a52286c31e7b8fd31daf883362bb7bdd6f1a5cb15c7c76a27e20e5acff0,2026-07-18T06:27:25.345Z,4,40,4,0,0,0
00356-mth-252-linked-detail-252-lecture-1-1-to-me1-pdf-integral-calculus-mth-252z-400-u2026,2080857,MTH-252,linked_detail,linked_detail,https://canvas.oregonstate.edu/courses/2080857/files/119223553?module_item_id=26982546#,https://canvas.oregonstate.edu/courses/2080857/files/119223553?module_item_id=26982546#,252-Lecture-1.1-to-ME1.pdf: INTEGRAL CALCULUS (MTH_252Z_400_U2026),file,119223553,2,,,raw_html/00356-mth-252-linked-detail-252-lecture-1-1-to-me1-pdf-integral-calculus-mth-252z-400-u2026.html,text/00356-mth-252-linked-detail-252-lecture-1-1-to-me1-pdf-integral-calculus-mth-252z-400-u2026.txt,text/00356-mth-252-linked-detail-252-lecture-1-1-to-me1-pdf-integral-calculus-mth-252z-400-u2026.fulltext.txt,markdown/00356-mth-252-linked-detail-252-lecture-1-1-to-me1-pdf-integral-calculus-mth-252z-400-u2026.md,,metadata/00356-mth-252-linked-detail-252-lecture-1-1-to-me1-pdf-integral-calculus-mth-252z-400-u2026.json,2432fbca244b0b74a46fcec6e13eb755d98f28c61f186a5940f7ba8f7a575dd9,801c30cc99c010b1157c08698eacec45d0f4936c1acf7bd240b653c89fd51cca,2026-07-18T06:27:28.445Z,1,28,4,0,0,0
00357-mth-252-linked-detail-pre-class-reading-quiz-1-1-rq-1-1-integral-calculus-mth-252z-400-u2026,2080857,MTH-252,linked_detail,linked_detail,https://canvas.oregonstate.edu/courses/2080857/quizzes/3167659/take?user_id=6660414,https://canvas.oregonstate.edu/courses/2080857/quizzes/3167659/take?user_id=6660414,Pre-Class Reading Quiz - 1.1 (RQ-1.1): INTEGRAL CALCULUS (MTH_252Z_400_U2026),quiz,3167659,2,,,raw_html/00357-mth-252-linked-detail-pre-class-reading-quiz-1-1-rq-1-1-integral-calculus-mth-252z-400-u2026.html,text/00357-mth-252-linked-detail-pre-class-reading-quiz-1-1-rq-1-1-integral-calculus-mth-252z-400-u2026.txt,text/00357-mth-252-linked-detail-pre-class-reading-quiz-1-1-rq-1-1-integral-calculus-mth-252z-400-u2026.fulltext.txt,markdown/00357-mth-252-linked-detail-pre-class-reading-quiz-1-1-rq-1-1-integral-calculus-mth-252z-400-u2026.md,,metadata/00357-mth-252-linked-detail-pre-class-reading-quiz-1-1-rq-1-1-integral-calculus-mth-252z-400-u2026.json,6ca70c689d5ddfae4f61d93d4a16c827cdd5a8cef34a29956feefcbbbbfa0335,46f3c39a1a6c16918e265f1f880bced84a9b8e581db0a69e176f5e8a0f0c9fa9,2026-07-18T06:27:32.496Z,4,29,3,0,0,0
00358-mth-252-linked-detail-module-1-written-homework-whw-1-2-hours,2080857,MTH-252,linked_detail,linked_detail,https://canvas.oregonstate.edu/courses/2080857/assignments/10586053?module_item_id=26982549#,https://canvas.oregonstate.edu/courses/2080857/assignments/10586053?module_item_id=26982549#,Module 1 — Written Homework (WHW 1) 🕓 2 hours,assignment,10586053,2,,yes,raw_html/00358-mth-252-linked-detail-module-1-written-homework-whw-1-2-hours.html,text/00358-mth-252-linked-detail-module-1-written-homework-whw-1-2-hours.txt,text/00358-mth-252-linked-detail-module-1-written-homework-whw-1-2-hours.fulltext.txt,markdown/00358-mth-252-linked-detail-module-1-written-homework-whw-1-2-hours.md,,metadata/00358-mth-252-linked-detail-module-1-written-homework-whw-1-2-hours.json,146d9e811dd89349bc29564162690e5bd7c5fad9409c51c92892f58187c12a8d,d5592d9f6d96a2cadc93a3391512c88246a010abca730db8477b9c70f652071e,2026-07-18T06:27:35.694Z,7,59,3,0,0,0
00359-mth-252-linked-detail-intro-reflect-1,2080857,MTH-252,linked_detail,linked_detail,https://canvas.oregonstate.edu/courses/2080857/assignments/10586044?module_item_id=26982550#,https://canvas.oregonstate.edu/courses/2080857/assignments/10586044?module_item_id=26982550#,Intro Reflect 1,assignment,10586044,2,,yes,raw_html/00359-mth-252-linked-detail-intro-reflect-1.html,text/00359-mth-252-linked-detail-intro-reflect-1.txt,text/00359-mth-252-linked-detail-intro-reflect-1.fulltext.txt,markdown/00359-mth-252-linked-detail-intro-reflect-1.md,,metadata/00359-mth-252-linked-detail-intro-reflect-1.json,24d11e36e13d76cc489adf965b7f622224c04626698529a9dc0673d9d098c429,728f2968ffc671eb79441c8dc5466174cb9f1ffc01b1df7b76933ed0000c982a,2026-07-18T06:27:38.946Z,2,55,3,0,0,0
00360-mth-252-linked-detail-achieve-1-1-approximating-areas,2080857,MTH-252,linked_detail,linked_detail,https://canvas.oregonstate.edu/courses/2080857/assignments/10586025?module_item_id=26982551#,https://canvas.oregonstate.edu/courses/2080857/assignments/10586025?module_item_id=26982551#,Achieve - 1.1 Approximating Areas,assignment,10586025,2,,yes,raw_html/00360-mth-252-linked-detail-achieve-1-1-approximating-areas.html,text/00360-mth-252-linked-detail-achieve-1-1-approximating-areas.txt,text/00360-mth-252-linked-detail-achieve-1-1-approximating-areas.fulltext.txt,markdown/00360-mth-252-linked-detail-achieve-1-1-approximating-areas.md,,metadata/00360-mth-252-linked-detail-achieve-1-1-approximating-areas.json,b350f43050dc9960fc26038b4c7dda1d8cf1b0837f0472e92250c260832b67e9,1e9bcb0f6e7cfcc4afc53e87e01fc145c9ec45f325e32462108e4357d6c1267f,2026-07-18T06:27:41.644Z,2,53,3,0,0,0
00361-mth-252-linked-detail-module-2-written-homework-whw-2-3-hours,2080857,MTH-252,linked_detail,linked_detail,https://canvas.oregonstate.edu/courses/2080857/assignments/10586055?module_item_id=26982558#,https://canvas.oregonstate.edu/courses/2080857/assignments/10586055?module_item_id=26982558#,Module 2 — Written Homework (WHW 2) 🕓 3 hours,assignment,10586055,2,,,raw_html/00361-mth-252-linked-detail-module-2-written-homework-whw-2-3-hours.html,text/00361-mth-252-linked-detail-module-2-written-homework-whw-2-3-hours.txt,text/00361-mth-252-linked-detail-module-2-written-homework-whw-2-3-hours.fulltext.txt,markdown/00361-mth-252-linked-detail-module-2-written-homework-whw-2-3-hours.md,,metadata/00361-mth-252-linked-detail-module-2-written-homework-whw-2-3-hours.json,514139d231a0dba67d9ba92af59f81c093dc25aabc3c285800adbec8513e8208,76d7c7a52c68a3660e8d8e9875242e67607099f2480e31f7d6ebf8642a2ab7bb,2026-07-18T06:27:44.346Z,7,58,3,0,0,0
00362-mth-252-linked-detail-reflection-2,2080857,MTH-252,linked_detail,linked_detail,https://canvas.oregonstate.edu/courses/2080857/assignments/10586063?module_item_id=26982559#,https://canvas.oregonstate.edu/courses/2080857/assignments/10586063?module_item_id=26982559#,Reflection 2,assignment,10586063,2,,yes,raw_html/00362-mth-252-linked-detail-reflection-2.html,text/00362-mth-252-linked-detail-reflection-2.txt,text/00362-mth-252-linked-detail-reflection-2.fulltext.txt,markdown/00362-mth-252-linked-detail-reflection-2.md,,metadata/00362-mth-252-linked-detail-reflection-2.json,4ef194eaf76c8022ce3edde8ff17fc05fc83bf2c68051daa490ca1019e0f1a14,05ea482554f10d51e09c310a8febb790b13a2001cc17ebb52608dc0e805f2a27,2026-07-18T06:27:47.794Z,2,55,3,0,0,0
00363-mth-252-linked-detail-achieve-1-2-the-definite-integral,2080857,MTH-252,linked_detail,linked_detail,https://canvas.oregonstate.edu/courses/2080857/assignments/10586026?module_item_id=26982560#,https://canvas.oregonstate.edu/courses/2080857/assignments/10586026?module_item_id=26982560#,Achieve - 1.2 The Definite Integral,assignment,10586026,2,,yes,raw_html/00363-mth-252-linked-detail-achieve-1-2-the-definite-integral.html,text/00363-mth-252-linked-detail-achieve-1-2-the-definite-integral.txt,text/00363-mth-252-linked-detail-achieve-1-2-the-definite-integral.fulltext.txt,markdown/00363-mth-252-linked-detail-achieve-1-2-the-definite-integral.md,,metadata/00363-mth-252-linked-detail-achieve-1-2-the-definite-integral.json,d0f37cf3cf0694442a51a2015ba830f5cc5cea383ad81badb581abfa0ece8a0b,715b8d6eabadc5480314a8f99fa4280964c7d37f95fe4b321750831bef29a0a9,2026-07-18T06:27:50.445Z,2,53,3,0,0,0
00364-mth-252-linked-detail-me1-u26-template-pdf-integral-calculus-mth-252z-400-u2026,2080857,MTH-252,linked_detail,linked_detail,https://canvas.oregonstate.edu/courses/2080857/files/119363995?wrap=1,https://canvas.oregonstate.edu/courses/2080857/files/119363995?wrap=1,ME1-U26-Template.pdf: INTEGRAL CALCULUS (MTH_252Z_400_U2026),file,119363995,2,,,raw_html/00364-mth-252-linked-detail-me1-u26-template-pdf-integral-calculus-mth-252z-400-u2026.html,text/00364-mth-252-linked-detail-me1-u26-template-pdf-integral-calculus-mth-252z-400-u2026.txt,text/00364-mth-252-linked-detail-me1-u26-template-pdf-integral-calculus-mth-252z-400-u2026.fulltext.txt,markdown/00364-mth-252-linked-detail-me1-u26-template-pdf-integral-calculus-mth-252z-400-u2026.md,,metadata/00364-mth-252-linked-detail-me1-u26-template-pdf-integral-calculus-mth-252z-400-u2026.json,c12c88cc3c340188701fa8416a70a354e3b477280d1c10187f11a072d56f9ffd,33cbe72f77de3be5a9ffc7d5e6f45e59daca0a6edc8074e0d7e51249b5a43e6f,2026-07-18T06:27:52.837Z,1,29,4,0,0,0
00365-mth-252-linked-detail-unit-1-student-study-guide-pdf-integral-calculus-mth-252z-400-u2026,2080857,MTH-252,linked_detail,linked_detail,https://canvas.oregonstate.edu/courses/2080857/files/119223514?wrap=1,https://canvas.oregonstate.edu/courses/2080857/files/119223514?wrap=1,Unit-1-Student-Study-Guide.pdf: INTEGRAL CALCULUS (MTH_252Z_400_U2026),file,119223514,2,,,raw_html/00365-mth-252-linked-detail-unit-1-student-study-guide-pdf-integral-calculus-mth-252z-400-u2026.html,text/00365-mth-252-linked-detail-unit-1-student-study-guide-pdf-integral-calculus-mth-252z-400-u2026.txt,text/00365-mth-252-linked-detail-unit-1-student-study-guide-pdf-integral-calculus-mth-252z-400-u2026.fulltext.txt,markdown/00365-mth-252-linked-detail-unit-1-student-study-guide-pdf-integral-calculus-mth-252z-400-u2026.md,,metadata/00365-mth-252-linked-detail-unit-1-student-study-guide-pdf-integral-calculus-mth-252z-400-u2026.json,4b9c0eccd9fe041e0a5f44167b4d4bfb7110d5329a4f59577d7ab574165c8179,0180879a0243c2f5cf2a5d2c8eeea7ac11c59fd36c648d326842b45d12bd3299,2026-07-18T06:27:55.525Z,1,28,3,0,0,0
00366-mth-252-linked-detail-unit-1-student-study-guide-key-pdf-integral-calculus-mth-252z-400-u2026,2080857,MTH-252,linked_detail,linked_detail,https://canvas.oregonstate.edu/courses/2080857/files/119223497?wrap=1,https://canvas.oregonstate.edu/courses/2080857/files/119223497?wrap=1,Unit-1-Student-Study-Guide-Key.pdf: INTEGRAL CALCULUS (MTH_252Z_400_U2026),file,119223497,2,,,raw_html/00366-mth-252-linked-detail-unit-1-student-study-guide-key-pdf-integral-calculus-mth-252z-400-u2026.html,text/00366-mth-252-linked-detail-unit-1-student-study-guide-key-pdf-integral-calculus-mth-252z-400-u2026.txt,text/00366-mth-252-linked-detail-unit-1-student-study-guide-key-pdf-integral-calculus-mth-252z-400-u2026.fulltext.txt,markdown/00366-mth-252-linked-detail-unit-1-student-study-guide-key-pdf-integral-calculus-mth-252z-400-u2026.md,,metadata/00366-mth-252-linked-detail-unit-1-student-study-guide-key-pdf-integral-calculus-mth-252z-400-u2026.json,e847be23afab9fdd954e7e842608442dae1b2abea5b2200a222fcba076e2a470,1798194333bdb004eea31e7c5b540b6ea8274f855208d3670024256bc13d79d2,2026-07-18T06:27:57.992Z,1,29,4,0,0,0
00367-mth-252-linked-detail-mini-exam-1-tues-thur-no-late-submissions,2080857,MTH-252,linked_detail,linked_detail,https://canvas.oregonstate.edu/courses/2080857/assignments/10586045?module_item_id=26982562#,https://canvas.oregonstate.edu/courses/2080857/assignments/10586045?module_item_id=26982562#,Mini-Exam 1 - Tues - Thur (No late submissions),assignment,10586045,2,,,raw_html/00367-mth-252-linked-detail-mini-exam-1-tues-thur-no-late-submissions.html,text/00367-mth-252-linked-detail-mini-exam-1-tues-thur-no-late-submissions.txt,text/00367-mth-252-linked-detail-mini-exam-1-tues-thur-no-late-submissions.fulltext.txt,markdown/00367-mth-252-linked-detail-mini-exam-1-tues-thur-no-late-submissions.md,,metadata/00367-mth-252-linked-detail-mini-exam-1-tues-thur-no-late-submissions.json,8e178fb2dc5740f3558edb4e43c56de399f669212f47476edc04fa2cd71ae5f5,dfd22e9f775dd70541e37893ab86a0a2237aaa432f5022872bd9ffbc06b4a72c,2026-07-18T06:28:00.895Z,8,53,3,0,0,0
00368-mth-252-linked-detail-252-lecture-1-3-to-me2-pdf-integral-calculus-mth-252z-400-u2026,2080857,MTH-252,linked_detail,linked_detail,https://canvas.oregonstate.edu/courses/2080857/files/119223594?module_item_id=26982565#,https://canvas.oregonstate.edu/courses/2080857/files/119223594?module_item_id=26982565#,252-Lecture-1.3-to-ME2.pdf: INTEGRAL CALCULUS (MTH_252Z_400_U2026),file,119223594,2,,,raw_html/00368-mth-252-linked-detail-252-lecture-1-3-to-me2-pdf-integral-calculus-mth-252z-400-u2026.html,text/00368-mth-252-linked-detail-252-lecture-1-3-to-me2-pdf-integral-calculus-mth-252z-400-u2026.txt,text/00368-mth-252-linked-detail-252-lecture-1-3-to-me2-pdf-integral-calculus-mth-252z-400-u2026.fulltext.txt,markdown/00368-mth-252-linked-detail-252-lecture-1-3-to-me2-pdf-integral-calculus-mth-252z-400-u2026.md,,metadata/00368-mth-252-linked-detail-252-lecture-1-3-to-me2-pdf-integral-calculus-mth-252z-400-u2026.json,6e8da91acfae56403ab11878a4fd6e0494c6acd1c14e5eeb403acc73e7ee39a6,f12caf324dcf2101fceca7917452ef796e29799e4eeea1ca1a9b1bc4bad645ab,2026-07-18T06:28:03.642Z,1,31,4,0,0,0
00369-mth-252-linked-detail-pre-class-reading-quiz-1-3-rq-1-3-integral-calculus-mth-252z-400-u2026,2080857,MTH-252,linked_detail,linked_detail,https://canvas.oregonstate.edu/courses/2080857/quizzes/3167655/take?user_id=6660414,https://canvas.oregonstate.edu/courses/2080857/quizzes/3167655/take?user_id=6660414,Pre-Class Reading Quiz - 1.3 (RQ-1.3) : INTEGRAL CALCULUS (MTH_252Z_400_U2026),quiz,3167655,2,,,raw_html/00369-mth-252-linked-detail-pre-class-reading-quiz-1-3-rq-1-3-integral-calculus-mth-252z-400-u2026.html,text/00369-mth-252-linked-detail-pre-class-reading-quiz-1-3-rq-1-3-integral-calculus-mth-252z-400-u2026.txt,text/00369-mth-252-linked-detail-pre-class-reading-quiz-1-3-rq-1-3-integral-calculus-mth-252z-400-u2026.fulltext.txt,markdown/00369-mth-252-linked-detail-pre-class-reading-quiz-1-3-rq-1-3-integral-calculus-mth-252z-400-u2026.md,,metadata/00369-mth-252-linked-detail-pre-class-reading-quiz-1-3-rq-1-3-integral-calculus-mth-252z-400-u2026.json,31f88e82e23cf939ee373172c5ee8d790807c6ff6564539048b776b3ca3a9942,6915cc3fa932a91a0c031bfeba25ca028c6daba2a33838feaeaceff3e382a743,2026-07-18T06:28:06.232Z,4,29,2,0,0,0
00370-mth-252-linked-detail-whw3-template-1-pdf-integral-calculus-mth-252z-400-u2026,2080857,MTH-252,linked_detail,linked_detail,https://canvas.oregonstate.edu/courses/2080857/files/119223574?wrap=1,https://canvas.oregonstate.edu/courses/2080857/files/119223574?wrap=1,WHW3-Template-1.pdf: INTEGRAL CALCULUS (MTH_252Z_400_U2026),file,119223574,2,,,raw_html/00370-mth-252-linked-detail-whw3-template-1-pdf-integral-calculus-mth-252z-400-u2026.html,text/00370-mth-252-linked-detail-whw3-template-1-pdf-integral-calculus-mth-252z-400-u2026.txt,text/00370-mth-252-linked-detail-whw3-template-1-pdf-integral-calculus-mth-252z-400-u2026.fulltext.txt,markdown/00370-mth-252-linked-detail-whw3-template-1-pdf-integral-calculus-mth-252z-400-u2026.md,,metadata/00370-mth-252-linked-detail-whw3-template-1-pdf-integral-calculus-mth-252z-400-u2026.json,4d1d34b92ab4e137dbb771fffd201e02a026b734bf0dda0c6ce43bfd50c1315c,807e4db1c7748e2c97c206a33fb15c07170351928ad47653d6ac419cfa0c20df,2026-07-18T06:28:08.674Z,1,29,4,0,0,0
00371-mth-252-linked-detail-module-3-written-homework-whw-3-3-hours,2080857,MTH-252,linked_detail,linked_detail,https://canvas.oregonstate.edu/courses/2080857/assignments/10586056?module_item_id=26982568#,https://canvas.oregonstate.edu/courses/2080857/assignments/10586056?module_item_id=26982568#,Module 3 — Written Homework (WHW 3) 🕓 3 hours,assignment,10586056,2,,,raw_html/00371-mth-252-linked-detail-module-3-written-homework-whw-3-3-hours.html,text/00371-mth-252-linked-detail-module-3-written-homework-whw-3-3-hours.txt,text/00371-mth-252-linked-detail-module-3-written-homework-whw-3-3-hours.fulltext.txt,markdown/00371-mth-252-linked-detail-module-3-written-homework-whw-3-3-hours.md,,metadata/00371-mth-252-linked-detail-module-3-written-homework-whw-3-3-hours.json,f5c30628e9187b90df4fb6ff3a61e3e8ef7ee3a01cab9cb9940cfd24fa28bcc5,2d0083d14ca99b132ac7c40acc698d70a9166fb6db78fc6cac1a81931f3a3e85,2026-07-18T06:28:11.392Z,7,62,2,0,0,0
00372-mth-252-linked-detail-achieve-1-3-the-fundamental-theorem-of-calculus,2080857,MTH-252,linked_detail,linked_detail,https://canvas.oregonstate.edu/courses/2080857/assignments/10586027?module_item_id=26982569#,https://canvas.oregonstate.edu/courses/2080857/assignments/10586027?module_item_id=26982569#,Achieve - 1.3 The Fundamental Theorem of Calculus,assignment,10586027,2,,yes,raw_html/00372-mth-252-linked-detail-achieve-1-3-the-fundamental-theorem-of-calculus.html,text/00372-mth-252-linked-detail-achieve-1-3-the-fundamental-theorem-of-calculus.txt,text/00372-mth-252-linked-detail-achieve-1-3-the-fundamental-theorem-of-calculus.fulltext.txt,markdown/00372-mth-252-linked-detail-achieve-1-3-the-fundamental-theorem-of-calculus.md,,metadata/00372-mth-252-linked-detail-achieve-1-3-the-fundamental-theorem-of-calculus.json,572cc93735fce65b4a88c127ccbd7554981f070077b81b7e0bc48e814af397aa,ef6db32063de9ea24cdd67c3b3162e7c56733fcb29e93b222d022c3f8a4a5b5e,2026-07-18T06:28:14.543Z,2,53,3,0,0,0
00373-mth-252-linked-detail-achieve-4-10-antiderivatives,2080857,MTH-252,linked_detail,linked_detail,https://canvas.oregonstate.edu/courses/2080857/assignments/10586042?module_item_id=26982570#,https://canvas.oregonstate.edu/courses/2080857/assignments/10586042?module_item_id=26982570#,Achieve - 4.10 Antiderivatives,assignment,10586042,2,,yes,raw_html/00373-mth-252-linked-detail-achieve-4-10-antiderivatives.html,text/00373-mth-252-linked-detail-achieve-4-10-antiderivatives.txt,text/00373-mth-252-linked-detail-achieve-4-10-antiderivatives.fulltext.txt,markdown/00373-mth-252-linked-detail-achieve-4-10-antiderivatives.md,,metadata/00373-mth-252-linked-detail-achieve-4-10-antiderivatives.json,07849115fe1d993b762e9e2a6d133465ec4ff09ec5b2b3bb9d2b6c05b73634d2,2ddb4701a5e62d8e75c51c80f6b12d44f50ea1331999e8715cdd815c4bb1cc74,2026-07-18T06:28:17.396Z,2,53,3,0,0,0
00374-mth-252-linked-detail-page-not-found,2080857,MTH-252,linked_detail,linked_detail,https://canvas.oregonstate.edu/courses/2080857/pages/$CANVAS_COURSE_REFERENCE$/file_ref/ge30297b0748bf4487a1dfbfc596dcc93?wrap=1,https://canvas.oregonstate.edu/courses/2080857/pages/$CANVAS_COURSE_REFERENCE$/file_ref/ge30297b0748bf4487a1dfbfc596dcc93?wrap=1,Page Not Found,page,$CANVAS_COURSE_REFERENCE$,2,,,raw_html/00374-mth-252-linked-detail-page-not-found.html,text/00374-mth-252-linked-detail-page-not-found.txt,text/00374-mth-252-linked-detail-page-not-found.fulltext.txt,markdown/00374-mth-252-linked-detail-page-not-found.md,,metadata/00374-mth-252-linked-detail-page-not-found.json,781ae91c4aeccb68714e510d71d8d6c4abd49f8826fa548fdbb6bc9c6cdfb5ab,1f3cad7f917aec981713b153906f275d6d7a2e253849ec562fee4847f84aa6ab,2026-07-18T06:28:20.243Z,2,13,3,0,0,0
00375-mth-252-linked-detail-page-not-found,2080857,MTH-252,linked_detail,linked_detail,https://canvas.oregonstate.edu/courses/2080857/pages/$CANVAS_COURSE_REFERENCE$/file_ref/gc3c6b79863a061929a4071806eda7241?wrap=1,https://canvas.oregonstate.edu/courses/2080857/pages/$CANVAS_COURSE_REFERENCE$/file_ref/gc3c6b79863a061929a4071806eda7241?wrap=1,Page Not Found,page,$CANVAS_COURSE_REFERENCE$,2,,,raw_html/00375-mth-252-linked-detail-page-not-found.html,text/00375-mth-252-linked-detail-page-not-found.txt,text/00375-mth-252-linked-detail-page-not-found.fulltext.txt,markdown/00375-mth-252-linked-detail-page-not-found.md,,metadata/00375-mth-252-linked-detail-page-not-found.json,4c6f6d94a709b79d8b8a49e6565542e03f030aa17e8fd07504e4e1a1311371c5,1f3cad7f917aec981713b153906f275d6d7a2e253849ec562fee4847f84aa6ab,2026-07-18T06:28:22.826Z,2,13,2,0,0,0
00376-mth-252-linked-detail-page-not-found,2080857,MTH-252,linked_detail,linked_detail,https://canvas.oregonstate.edu/courses/2080857/pages/$CANVAS_COURSE_REFERENCE$/file_ref/g9ca04ab1991259a305542a037d6078d1?wrap=1,https://canvas.oregonstate.edu/courses/2080857/pages/$CANVAS_COURSE_REFERENCE$/file_ref/g9ca04ab1991259a305542a037d6078d1?wrap=1,Page Not Found,page,$CANVAS_COURSE_REFERENCE$,2,,,raw_html/00376-mth-252-linked-detail-page-not-found.html,text/00376-mth-252-linked-detail-page-not-found.txt,text/00376-mth-252-linked-detail-page-not-found.fulltext.txt,markdown/00376-mth-252-linked-detail-page-not-found.md,,metadata/00376-mth-252-linked-detail-page-not-found.json,484a1d13b49458c361da7f6e95b18ad6d1d784167fa904bc339b28f1b9bf5297,1f3cad7f917aec981713b153906f275d6d7a2e253849ec562fee4847f84aa6ab,2026-07-18T06:28:24.941Z,2,13,3,0,0,0
00377-mth-252-linked-detail-252-lecture-1-3-to-me2-pdf-integral-calculus-mth-252z-400-u2026,2080857,MTH-252,linked_detail,linked_detail,https://canvas.oregonstate.edu/courses/2080857/files/119223594?module_item_id=26982574#,https://canvas.oregonstate.edu/courses/2080857/files/119223594?module_item_id=26982574#,252-Lecture-1.3-to-ME2.pdf: INTEGRAL CALCULUS (MTH_252Z_400_U2026),file,119223594,2,,,raw_html/00377-mth-252-linked-detail-252-lecture-1-3-to-me2-pdf-integral-calculus-mth-252z-400-u2026.html,text/00377-mth-252-linked-detail-252-lecture-1-3-to-me2-pdf-integral-calculus-mth-252z-400-u2026.txt,text/00377-mth-252-linked-detail-252-lecture-1-3-to-me2-pdf-integral-calculus-mth-252z-400-u2026.fulltext.txt,markdown/00377-mth-252-linked-detail-252-lecture-1-3-to-me2-pdf-integral-calculus-mth-252z-400-u2026.md,,metadata/00377-mth-252-linked-detail-252-lecture-1-3-to-me2-pdf-integral-calculus-mth-252z-400-u2026.json,d4553f05f29d7411f866d89cf694753a7937c3589fc032dacef77948bf50ab9b,f12caf324dcf2101fceca7917452ef796e29799e4eeea1ca1a9b1bc4bad645ab,2026-07-18T06:28:27.942Z,1,31,4,0,0,0
00378-mth-252-linked-detail-page-not-found,2080857,MTH-252,linked_detail,linked_detail,https://canvas.oregonstate.edu/courses/2080857/pages/$CANVAS_COURSE_REFERENCE$/file_ref/g72fb62dff13c8560e7cb15fedd970fa1?wrap=1,https://canvas.oregonstate.edu/courses/2080857/pages/$CANVAS_COURSE_REFERENCE$/file_ref/g72fb62dff13c8560e7cb15fedd970fa1?wrap=1,Page Not Found,page,$CANVAS_COURSE_REFERENCE$,2,,,raw_html/00378-mth-252-linked-detail-page-not-found.html,text/00378-mth-252-linked-detail-page-not-found.txt,text/00378-mth-252-linked-detail-page-not-found.fulltext.txt,markdown/00378-mth-252-linked-detail-page-not-found.md,,metadata/00378-mth-252-linked-detail-page-not-found.json,47a1814d75cd45db0f9de19140885153f19da56cf0faf569e460672e587008a1,1f3cad7f917aec981713b153906f275d6d7a2e253849ec562fee4847f84aa6ab,2026-07-18T06:28:30.741Z,2,13,3,0,0,0
00379-mth-252-linked-detail-page-not-found,2080857,MTH-252,linked_detail,linked_detail,https://canvas.oregonstate.edu/courses/2080857/pages/$CANVAS_COURSE_REFERENCE$/file_ref/gcbd244ca3d9728ab5a8e3e8c51d198af?wrap=1,https://canvas.oregonstate.edu/courses/2080857/pages/$CANVAS_COURSE_REFERENCE$/file_ref/gcbd244ca3d9728ab5a8e3e8c51d198af?wrap=1,Page Not Found,page,$CANVAS_COURSE_REFERENCE$,2,,,raw_html/00379-mth-252-linked-detail-page-not-found.html,text/00379-mth-252-linked-detail-page-not-found.txt,text/00379-mth-252-linked-detail-page-not-found.fulltext.txt,markdown/00379-mth-252-linked-detail-page-not-found.md,,metadata/00379-mth-252-linked-detail-page-not-found.json,6797c0ecf7b231bfbba668d0825837eadab3ef82d1aed982b2dbfe58518c0017,1f3cad7f917aec981713b153906f275d6d7a2e253849ec562fee4847f84aa6ab,2026-07-18T06:28:35.292Z,2,13,3,0,0,0
00380-mth-252-linked-detail-page-not-found,2080857,MTH-252,linked_detail,linked_detail,https://canvas.oregonstate.edu/courses/2080857/pages/$CANVAS_COURSE_REFERENCE$/file_ref/g66dcdc4ebd748c4dc8842ee327f101ba?wrap=1,https://canvas.oregonstate.edu/courses/2080857/pages/$CANVAS_COURSE_REFERENCE$/file_ref/g66dcdc4ebd748c4dc8842ee327f101ba?wrap=1,Page Not Found,page,$CANVAS_COURSE_REFERENCE$,2,,,raw_html/00380-mth-252-linked-detail-page-not-found.html,text/00380-mth-252-linked-detail-page-not-found.txt,text/00380-mth-252-linked-detail-page-not-found.fulltext.txt,markdown/00380-mth-252-linked-detail-page-not-found.md,,metadata/00380-mth-252-linked-detail-page-not-found.json,b9cd3a5e9246dac7640a69b898c931d4c3ad1ce6dd76ed43685b30f718789388,1f3cad7f917aec981713b153906f275d6d7a2e253849ec562fee4847f84aa6ab,2026-07-18T06:28:37.438Z,2,13,3,0,0,0
00381-mth-252-linked-detail-rq-1-4-integral-calculus-mth-252z-400-u2026,2080857,MTH-252,linked_detail,linked_detail,https://canvas.oregonstate.edu/courses/2080857/quizzes/3167664/take?user_id=6660414,https://canvas.oregonstate.edu/courses/2080857/quizzes/3167664/take?user_id=6660414,RQ-1.4 : INTEGRAL CALCULUS (MTH_252Z_400_U2026),quiz,3167664,2,,,raw_html/00381-mth-252-linked-detail-rq-1-4-integral-calculus-mth-252z-400-u2026.html,text/00381-mth-252-linked-detail-rq-1-4-integral-calculus-mth-252z-400-u2026.txt,text/00381-mth-252-linked-detail-rq-1-4-integral-calculus-mth-252z-400-u2026.fulltext.txt,markdown/00381-mth-252-linked-detail-rq-1-4-integral-calculus-mth-252z-400-u2026.md,,metadata/00381-mth-252-linked-detail-rq-1-4-integral-calculus-mth-252z-400-u2026.json,f8bd463cc8f655632bf998baab56da14f0811b16d4bd866b57e64eee005a12ee,35231b72d862861b0ebe0ebbc631543034a3c68b78826c986848879f21586688,2026-07-18T06:28:40.143Z,4,29,3,0,0,0
00382-mth-252-linked-detail-rq-1-5-integral-calculus-mth-252z-400-u2026,2080857,MTH-252,linked_detail,linked_detail,https://canvas.oregonstate.edu/courses/2080857/quizzes/3167662/take?user_id=6660414,https://canvas.oregonstate.edu/courses/2080857/quizzes/3167662/take?user_id=6660414,RQ-1.5: INTEGRAL CALCULUS (MTH_252Z_400_U2026),quiz,3167662,2,,,raw_html/00382-mth-252-linked-detail-rq-1-5-integral-calculus-mth-252z-400-u2026.html,text/00382-mth-252-linked-detail-rq-1-5-integral-calculus-mth-252z-400-u2026.txt,text/00382-mth-252-linked-detail-rq-1-5-integral-calculus-mth-252z-400-u2026.fulltext.txt,markdown/00382-mth-252-linked-detail-rq-1-5-integral-calculus-mth-252z-400-u2026.md,,metadata/00382-mth-252-linked-detail-rq-1-5-integral-calculus-mth-252z-400-u2026.json,910a996b4e3223a2353b39001776ffcabc8e60ea3e3bee91c3b37b67442b4566,b2787e3d91b0a7f919628b0056392109f0fa6a06c98fc64ee0fda63e02c2792f,2026-07-18T06:28:42.895Z,4,29,3,0,0,0
00383-mth-252-linked-detail-rq-1-6-integral-calculus-mth-252z-400-u2026,2080857,MTH-252,linked_detail,linked_detail,https://canvas.oregonstate.edu/courses/2080857/quizzes/3167654/take?user_id=6660414,https://canvas.oregonstate.edu/courses/2080857/quizzes/3167654/take?user_id=6660414,RQ-1.6 : INTEGRAL CALCULUS (MTH_252Z_400_U2026),quiz,3167654,2,,,raw_html/00383-mth-252-linked-detail-rq-1-6-integral-calculus-mth-252z-400-u2026.html,text/00383-mth-252-linked-detail-rq-1-6-integral-calculus-mth-252z-400-u2026.txt,text/00383-mth-252-linked-detail-rq-1-6-integral-calculus-mth-252z-400-u2026.fulltext.txt,markdown/00383-mth-252-linked-detail-rq-1-6-integral-calculus-mth-252z-400-u2026.md,,metadata/00383-mth-252-linked-detail-rq-1-6-integral-calculus-mth-252z-400-u2026.json,1bc3add66122e89cecae59de1dc3d02032d8c1975687710c7f3fdcdc2d512c2d,096bf2d618e15b0f60e676283157e549886af98fc1bc00d35040792606e78b2d,2026-07-18T06:28:53.300Z,4,29,2,0,0,0
00384-mth-252-linked-detail-whw4-template-1-pdf-integral-calculus-mth-252z-400-u2026,2080857,MTH-252,linked_detail,linked_detail,https://canvas.oregonstate.edu/courses/2080857/files/119223566?wrap=1,https://canvas.oregonstate.edu/courses/2080857/files/119223566?wrap=1,WHW4-Template-1.pdf: INTEGRAL CALCULUS (MTH_252Z_400_U2026),file,119223566,2,,,raw_html/00384-mth-252-linked-detail-whw4-template-1-pdf-integral-calculus-mth-252z-400-u2026.html,text/00384-mth-252-linked-detail-whw4-template-1-pdf-integral-calculus-mth-252z-400-u2026.txt,text/00384-mth-252-linked-detail-whw4-template-1-pdf-integral-calculus-mth-252z-400-u2026.fulltext.txt,markdown/00384-mth-252-linked-detail-whw4-template-1-pdf-integral-calculus-mth-252z-400-u2026.md,,metadata/00384-mth-252-linked-detail-whw4-template-1-pdf-integral-calculus-mth-252z-400-u2026.json,814faf08e2eda77bfb9fda4bc25a10ed7c09b91e964172bb0dec72edceea4f12,009ff833243dac1a086ef50ac67ce7becae33191b72b687a4a4a8a5b5247f82a,2026-07-18T06:28:55.625Z,1,29,3,0,0,0
00385-mth-252-linked-detail-whw4-template-pdf-integral-calculus-mth-252z-400-u2026,2080857,MTH-252,linked_detail,linked_detail,https://canvas.oregonstate.edu/courses/2080857/files/119223525?wrap=1,https://canvas.oregonstate.edu/courses/2080857/files/119223525?wrap=1,WHW4-Template.pdf: INTEGRAL CALCULUS (MTH_252Z_400_U2026),file,119223525,2,,,raw_html/00385-mth-252-linked-detail-whw4-template-pdf-integral-calculus-mth-252z-400-u2026.html,text/00385-mth-252-linked-detail-whw4-template-pdf-integral-calculus-mth-252z-400-u2026.txt,text/00385-mth-252-linked-detail-whw4-template-pdf-integral-calculus-mth-252z-400-u2026.fulltext.txt,markdown/00385-mth-252-linked-detail-whw4-template-pdf-integral-calculus-mth-252z-400-u2026.md,,metadata/00385-mth-252-linked-detail-whw4-template-pdf-integral-calculus-mth-252z-400-u2026.json,da6dd18ea14058b1a7a4fef08787895d1f9383e84908537b6679cd432a5e83d8,1757e8aa35b3f6b7797267905df1bb34bae5126863b6544d41df6c0c112feb1c,2026-07-18T06:28:58.241Z,1,29,3,0,0,0
00386-mth-252-linked-detail-module-4-written-homework-whw-4-3-hours,2080857,MTH-252,linked_detail,linked_detail,https://canvas.oregonstate.edu/courses/2080857/assignments/10586057?module_item_id=26982580#,https://canvas.oregonstate.edu/courses/2080857/assignments/10586057?module_item_id=26982580#,Module 4 — Written Homework (WHW 4) 🕓 3 hours,assignment,10586057,2,,yes,raw_html/00386-mth-252-linked-detail-module-4-written-homework-whw-4-3-hours.html,text/00386-mth-252-linked-detail-module-4-written-homework-whw-4-3-hours.txt,text/00386-mth-252-linked-detail-module-4-written-homework-whw-4-3-hours.fulltext.txt,markdown/00386-mth-252-linked-detail-module-4-written-homework-whw-4-3-hours.md,,metadata/00386-mth-252-linked-detail-module-4-written-homework-whw-4-3-hours.json,88cdabca7ea21b766fcb8df0bf388c73eb84aeafa87819b20f20965b5628627a,588a6126f6f7bd2126bfebb68d2b7d71c1bc3b1487ba140550b99610e9ec7ee2,2026-07-18T06:29:01.359Z,8,145,2,0,0,0
00387-mth-252-linked-detail-achieve-1-4-integration-formulas-and-the-net-change-theorem,2080857,MTH-252,linked_detail,linked_detail,https://canvas.oregonstate.edu/courses/2080857/assignments/10586028?module_item_id=26982581#,https://canvas.oregonstate.edu/courses/2080857/assignments/10586028?module_item_id=26982581#,Achieve - 1.4 Integration Formulas and the Net Change Theorem,assignment,10586028,2,,yes,raw_html/00387-mth-252-linked-detail-achieve-1-4-integration-formulas-and-the-net-change-theorem.html,text/00387-mth-252-linked-detail-achieve-1-4-integration-formulas-and-the-net-change-theorem.txt,text/00387-mth-252-linked-detail-achieve-1-4-integration-formulas-and-the-net-change-theorem.fulltext.txt,markdown/00387-mth-252-linked-detail-achieve-1-4-integration-formulas-and-the-net-change-theorem.md,,metadata/00387-mth-252-linked-detail-achieve-1-4-integration-formulas-and-the-net-change-theorem.json,e89e444070d4997e405ac909fb75d6f73cc81e6fc03f712a25da0027c58c089a,dc03e8b239513964a533089848e238d29e3437ec3361edf0db38415ec9ea5ea4,2026-07-18T06:29:05.147Z,2,54,2,0,0,0
00388-mth-252-linked-detail-achieve-1-5-substitution,2080857,MTH-252,linked_detail,linked_detail,https://canvas.oregonstate.edu/courses/2080857/assignments/10586029?module_item_id=26982582#,https://canvas.oregonstate.edu/courses/2080857/assignments/10586029?module_item_id=26982582#,Achieve - 1.5 Substitution,assignment,10586029,2,,yes,raw_html/00388-mth-252-linked-detail-achieve-1-5-substitution.html,text/00388-mth-252-linked-detail-achieve-1-5-substitution.txt,text/00388-mth-252-linked-detail-achieve-1-5-substitution.fulltext.txt,markdown/00388-mth-252-linked-detail-achieve-1-5-substitution.md,,metadata/00388-mth-252-linked-detail-achieve-1-5-substitution.json,2de73a20f7cd6d05b03df91c917fde5dbc5428877619577e89348024f8adc175,fe5086114deb1433715a2b34a79d8665406cc04155c12ec5f8ed4117e12ee8d2,2026-07-18T06:29:07.949Z,2,52,2,0,0,0
00389-mth-252-linked-detail-achieve-1-6-integrals-involving-exponential-and-logarithmic-functions,2080857,MTH-252,linked_detail,linked_detail,https://canvas.oregonstate.edu/courses/2080857/assignments/10586030?module_item_id=26982583#,https://canvas.oregonstate.edu/courses/2080857/assignments/10586030?module_item_id=26982583#,Achieve - 1.6 Integrals Involving Exponential and Logarithmic Functions,assignment,10586030,2,,yes,raw_html/00389-mth-252-linked-detail-achieve-1-6-integrals-involving-exponential-and-logarithmic-functions.html,text/00389-mth-252-linked-detail-achieve-1-6-integrals-involving-exponential-and-logarithmic-functions.txt,text/00389-mth-252-linked-detail-achieve-1-6-integrals-involving-exponential-and-logarithmic-functions.fulltext.txt,markdown/00389-mth-252-linked-detail-achieve-1-6-integrals-involving-exponential-and-logarithmic-functions.md,,metadata/00389-mth-252-linked-detail-achieve-1-6-integrals-involving-exponential-and-logarithmic-functions.json,c0e2d30fc05791aa5cec24ccce719d22f958beea6ea92bd255359985858bf756,f56db1c9787af77e234f2acbed3158e701fe20315e9c86ddd9cde55af453684b,2026-07-18T06:29:10.849Z,2,54,2,0,0,0
00390-mth-252-linked-detail-me2-w26-template-pdf-integral-calculus-mth-252z-400-u2026,2080857,MTH-252,linked_detail,linked_detail,https://canvas.oregonstate.edu/courses/2080857/files/119223587?wrap=1,https://canvas.oregonstate.edu/courses/2080857/files/119223587?wrap=1,ME2-W26-Template.pdf: INTEGRAL CALCULUS (MTH_252Z_400_U2026),file,119223587,2,,,raw_html/00390-mth-252-linked-detail-me2-w26-template-pdf-integral-calculus-mth-252z-400-u2026.html,text/00390-mth-252-linked-detail-me2-w26-template-pdf-integral-calculus-mth-252z-400-u2026.txt,text/00390-mth-252-linked-detail-me2-w26-template-pdf-integral-calculus-mth-252z-400-u2026.fulltext.txt,markdown/00390-mth-252-linked-detail-me2-w26-template-pdf-integral-calculus-mth-252z-400-u2026.md,,metadata/00390-mth-252-linked-detail-me2-w26-template-pdf-integral-calculus-mth-252z-400-u2026.json,8eb4ec693ad7a3e6947ba585b9cc69c6ab45d8137a8e23f8b3ca922d913b9c40,b797a2957787dbd2e569204180aafa764d5ee15abb37dc0283865baea2ab1810,2026-07-18T06:29:13.477Z,1,29,3,0,0,0
00391-mth-252-linked-detail-me2-w26-template-1-pdf-integral-calculus-mth-252z-400-u2026,2080857,MTH-252,linked_detail,linked_detail,https://canvas.oregonstate.edu/courses/2080857/files/119223588?wrap=1,https://canvas.oregonstate.edu/courses/2080857/files/119223588?wrap=1,ME2-W26-Template-1.pdf: INTEGRAL CALCULUS (MTH_252Z_400_U2026),file,119223588,2,,,raw_html/00391-mth-252-linked-detail-me2-w26-template-1-pdf-integral-calculus-mth-252z-400-u2026.html,text/00391-mth-252-linked-detail-me2-w26-template-1-pdf-integral-calculus-mth-252z-400-u2026.txt,text/00391-mth-252-linked-detail-me2-w26-template-1-pdf-integral-calculus-mth-252z-400-u2026.fulltext.txt,markdown/00391-mth-252-linked-detail-me2-w26-template-1-pdf-integral-calculus-mth-252z-400-u2026.md,,metadata/00391-mth-252-linked-detail-me2-w26-template-1-pdf-integral-calculus-mth-252z-400-u2026.json,ef4cc1a36cb8ed49be9d23542c18e344b821b9382d223461fc05c72479270b03,7570d801b080d5dff664c14c0065e2e2b11e5ec015a153fa9eb12b0f0afa8dd2,2026-07-18T06:29:17.094Z,1,29,3,0,0,0
00392-mth-252-linked-detail-unit-2-student-study-guide-pdf-integral-calculus-mth-252z-400-u2026,2080857,MTH-252,linked_detail,linked_detail,https://canvas.oregonstate.edu/courses/2080857/files/119223496?wrap=1,https://canvas.oregonstate.edu/courses/2080857/files/119223496?wrap=1,Unit-2-Student-Study-Guide.pdf: INTEGRAL CALCULUS (MTH_252Z_400_U2026),file,119223496,2,,,raw_html/00392-mth-252-linked-detail-unit-2-student-study-guide-pdf-integral-calculus-mth-252z-400-u2026.html,text/00392-mth-252-linked-detail-unit-2-student-study-guide-pdf-integral-calculus-mth-252z-400-u2026.txt,text/00392-mth-252-linked-detail-unit-2-student-study-guide-pdf-integral-calculus-mth-252z-400-u2026.fulltext.txt,markdown/00392-mth-252-linked-detail-unit-2-student-study-guide-pdf-integral-calculus-mth-252z-400-u2026.md,,metadata/00392-mth-252-linked-detail-unit-2-student-study-guide-pdf-integral-calculus-mth-252z-400-u2026.json,37d762f067e8415f42f8dbdc86a2a46440c31b61602e8d4b6fc501a56d0cfc1f,d9461082984ddf687b9d2be1aa7aad414c23fb841a2fec9f618433b4cef3b016,2026-07-18T06:29:20.246Z,1,29,3,0,0,0
00393-mth-252-linked-detail-u2-sg-partial-key-pdf-integral-calculus-mth-252z-400-u2026,2080857,MTH-252,linked_detail,linked_detail,https://canvas.oregonstate.edu/courses/2080857/files/119223585?wrap=1,https://canvas.oregonstate.edu/courses/2080857/files/119223585?wrap=1,U2-SG-Partial-Key.pdf: INTEGRAL CALCULUS (MTH_252Z_400_U2026),file,119223585,2,,,raw_html/00393-mth-252-linked-detail-u2-sg-partial-key-pdf-integral-calculus-mth-252z-400-u2026.html,text/00393-mth-252-linked-detail-u2-sg-partial-key-pdf-integral-calculus-mth-252z-400-u2026.txt,text/00393-mth-252-linked-detail-u2-sg-partial-key-pdf-integral-calculus-mth-252z-400-u2026.fulltext.txt,markdown/00393-mth-252-linked-detail-u2-sg-partial-key-pdf-integral-calculus-mth-252z-400-u2026.md,,metadata/00393-mth-252-linked-detail-u2-sg-partial-key-pdf-integral-calculus-mth-252z-400-u2026.json,18fe65ede70ab09e0afe09a969df147b9c4d094fb7a99c38d34bcc15d68dc1f7,8deb294dfac8087cc8a2b2fd690aeb7e862b562114a81a22903895c4609b4489,2026-07-18T06:29:22.999Z,1,29,3,0,0,0
00394-mth-252-linked-detail-module-4-learning-materials-and-practice-activities-3-5-hours-integral-calculus-mth-252z-400-u20,2080857,MTH-252,linked_detail,linked_detail,https://canvas.oregonstate.edu/courses/2080857/pages/module-4-learning-materials-and-practice-activities-3-5-hours-2,https://canvas.oregonstate.edu/courses/2080857/pages/module-4-learning-materials-and-practice-activities-3-5-hours-2,Module 4 — Learning Materials and Practice Activities 🕓 3 - 5 hours: INTEGRAL CALCULUS (MTH_252Z_400_U2026),page,module-4-learning-materials-and-practice-activities-3-5-hours-2,2,,,raw_html/00394-mth-252-linked-detail-module-4-learning-materials-and-practice-activities-3-5-hours-integral-calculus-mth-252z-400-u20.html,text/00394-mth-252-linked-detail-module-4-learning-materials-and-practice-activities-3-5-hours-integral-calculus-mth-252z-400-u20.txt,text/00394-mth-252-linked-detail-module-4-learning-materials-and-practice-activities-3-5-hours-integral-calculus-mth-252z-400-u20.fulltext.txt,markdown/00394-mth-252-linked-detail-module-4-learning-materials-and-practice-activities-3-5-hours-integral-calculus-mth-252z-400-u20.md,,metadata/00394-mth-252-linked-detail-module-4-learning-materials-and-practice-activities-3-5-hours-integral-calculus-mth-252z-400-u20.json,5dbdd9495b819e1e6652792ebaeb250c6948621ad318b27397663ebf4acc4761,3b844be737d5681323da223b776725682e18a36fac5f90bdee676dae0165dd4f,2026-07-18T06:29:26.446Z,6,53,2,0,0,0
00395-mth-252-linked-detail-mini-exam-2-no-calculators-on-this-exam,2080857,MTH-252,linked_detail,linked_detail,https://canvas.oregonstate.edu/courses/2080857/assignments/10586048?module_item_id=26982585#,https://canvas.oregonstate.edu/courses/2080857/assignments/10586048?module_item_id=26982585#,Mini-Exam 2 --> No Calculators on this Exam,assignment,10586048,2,,yes,raw_html/00395-mth-252-linked-detail-mini-exam-2-no-calculators-on-this-exam.html,text/00395-mth-252-linked-detail-mini-exam-2-no-calculators-on-this-exam.txt,text/00395-mth-252-linked-detail-mini-exam-2-no-calculators-on-this-exam.fulltext.txt,markdown/00395-mth-252-linked-detail-mini-exam-2-no-calculators-on-this-exam.md,,metadata/00395-mth-252-linked-detail-mini-exam-2-no-calculators-on-this-exam.json,eaae837821c60e606ec1b767ebe506ec37ae248cf39b8a0d548277b4cf31ffb9,99667fc67d0d5c1366fa7f0d26ad8af3029c4bbfd148e7752c18977d27d165cc,2026-07-18T06:29:29.655Z,9,71,2,0,0,0
00396-mth-252-linked-detail-page-not-found,2080857,MTH-252,linked_detail,linked_detail,https://canvas.oregonstate.edu/courses/2080857/pages/$CANVAS_COURSE_REFERENCE$/file_ref/g4b6ec71f1aad7e21594c082a51d988f8?wrap=1,https://canvas.oregonstate.edu/courses/2080857/pages/$CANVAS_COURSE_REFERENCE$/file_ref/g4b6ec71f1aad7e21594c082a51d988f8?wrap=1,Page Not Found,page,$CANVAS_COURSE_REFERENCE$,2,,,raw_html/00396-mth-252-linked-detail-page-not-found.html,text/00396-mth-252-linked-detail-page-not-found.txt,text/00396-mth-252-linked-detail-page-not-found.fulltext.txt,markdown/00396-mth-252-linked-detail-page-not-found.md,,metadata/00396-mth-252-linked-detail-page-not-found.json,c2bd0a1cce92bac014e1c294b9712577c86733dd8dfef6ecbcda077067fc464e,1f3cad7f917aec981713b153906f275d6d7a2e253849ec562fee4847f84aa6ab,2026-07-18T06:29:32.190Z,2,13,2,0,0,0
00397-mth-252-linked-detail-252-lecture-3-1-to-me3-pdf-integral-calculus-mth-252z-400-u2026,2080857,MTH-252,linked_detail,linked_detail,https://canvas.oregonstate.edu/courses/2080857/files/119223561?module_item_id=26982588#,https://canvas.oregonstate.edu/courses/2080857/files/119223561?module_item_id=26982588#,252-Lecture-3.1-to-ME3.pdf: INTEGRAL CALCULUS (MTH_252Z_400_U2026),file,119223561,2,,,raw_html/00397-mth-252-linked-detail-252-lecture-3-1-to-me3-pdf-integral-calculus-mth-252z-400-u2026.html,text/00397-mth-252-linked-detail-252-lecture-3-1-to-me3-pdf-integral-calculus-mth-252z-400-u2026.txt,text/00397-mth-252-linked-detail-252-lecture-3-1-to-me3-pdf-integral-calculus-mth-252z-400-u2026.fulltext.txt,markdown/00397-mth-252-linked-detail-252-lecture-3-1-to-me3-pdf-integral-calculus-mth-252z-400-u2026.md,,metadata/00397-mth-252-linked-detail-252-lecture-3-1-to-me3-pdf-integral-calculus-mth-252z-400-u2026.json,123298ca601bde3880671cf5c25ce44b0f2502b912c60e322ca8860a60041d8c,740713c055a9e7b259fcb597b95da0c5d804e924141cfec15437b65e969b2637,2026-07-18T06:29:34.543Z,1,29,3,0,0,0
00398-mth-252-linked-detail-page-not-found,2080857,MTH-252,linked_detail,linked_detail,https://canvas.oregonstate.edu/courses/2080857/pages/$CANVAS_COURSE_REFERENCE$/file_ref/g805e3737f28c2c1daf663161584c964d?wrap=1,https://canvas.oregonstate.edu/courses/2080857/pages/$CANVAS_COURSE_REFERENCE$/file_ref/g805e3737f28c2c1daf663161584c964d?wrap=1,Page Not Found,page,$CANVAS_COURSE_REFERENCE$,2,,,raw_html/00398-mth-252-linked-detail-page-not-found.html,text/00398-mth-252-linked-detail-page-not-found.txt,text/00398-mth-252-linked-detail-page-not-found.fulltext.txt,markdown/00398-mth-252-linked-detail-page-not-found.md,,metadata/00398-mth-252-linked-detail-page-not-found.json,804747f6d29c00e2411eee6eb80c7c35a5d83a0d4883f0286eed765567aeb20a,1f3cad7f917aec981713b153906f275d6d7a2e253849ec562fee4847f84aa6ab,2026-07-18T06:29:36.935Z,2,13,2,0,0,0
00399-mth-252-linked-detail-page-not-found,2080857,MTH-252,linked_detail,linked_detail,https://canvas.oregonstate.edu/courses/2080857/pages/$CANVAS_COURSE_REFERENCE$/file_ref/g8151bf98954d7b2d854da5b7b078733d?wrap=1,https://canvas.oregonstate.edu/courses/2080857/pages/$CANVAS_COURSE_REFERENCE$/file_ref/g8151bf98954d7b2d854da5b7b078733d?wrap=1,Page Not Found,page,$CANVAS_COURSE_REFERENCE$,2,,,raw_html/00399-mth-252-linked-detail-page-not-found.html,text/00399-mth-252-linked-detail-page-not-found.txt,text/00399-mth-252-linked-detail-page-not-found.fulltext.txt,markdown/00399-mth-252-linked-detail-page-not-found.md,,metadata/00399-mth-252-linked-detail-page-not-found.json,b92581bf9700ac0a89cfe7d0a7902a040b93b9f5d4bc49b379ebaf8310f7ccd1,1f3cad7f917aec981713b153906f275d6d7a2e253849ec562fee4847f84aa6ab,2026-07-18T06:29:39.089Z,2,13,2,0,0,0
00400-mth-252-linked-detail-page-not-found,2080857,MTH-252,linked_detail,linked_detail,https://canvas.oregonstate.edu/courses/2080857/pages/$CANVAS_COURSE_REFERENCE$/file_ref/gcd831482bfd5272d95fe5f32b17c1c78?wrap=1,https://canvas.oregonstate.edu/courses/2080857/pages/$CANVAS_COURSE_REFERENCE$/file_ref/gcd831482bfd5272d95fe5f32b17c1c78?wrap=1,Page Not Found,page,$CANVAS_COURSE_REFERENCE$,2,,,raw_html/00400-mth-252-linked-detail-page-not-found.html,text/00400-mth-252-linked-detail-page-not-found.txt,text/00400-mth-252-linked-detail-page-not-found.fulltext.txt,markdown/00400-mth-252-linked-detail-page-not-found.md,,metadata/00400-mth-252-linked-detail-page-not-found.json,c6912cb27ec2b482c30d95b02fc99c879ad49ffb35dfc7fd39792df7129f29bf,1f3cad7f917aec981713b153906f275d6d7a2e253849ec562fee4847f84aa6ab,2026-07-18T06:29:41.238Z,2,13,2,0,0,0
00401-mth-252-linked-detail-rq-3-1-integral-calculus-mth-252z-400-u2026,2080857,MTH-252,linked_detail,linked_detail,https://canvas.oregonstate.edu/courses/2080857/quizzes/3167660/take?user_id=6660414,https://canvas.oregonstate.edu/courses/2080857/quizzes/3167660/take?user_id=6660414,RQ-3.1: INTEGRAL CALCULUS (MTH_252Z_400_U2026),quiz,3167660,2,,,raw_html/00401-mth-252-linked-detail-rq-3-1-integral-calculus-mth-252z-400-u2026.html,text/00401-mth-252-linked-detail-rq-3-1-integral-calculus-mth-252z-400-u2026.txt,text/00401-mth-252-linked-detail-rq-3-1-integral-calculus-mth-252z-400-u2026.fulltext.txt,markdown/00401-mth-252-linked-detail-rq-3-1-integral-calculus-mth-252z-400-u2026.md,,metadata/00401-mth-252-linked-detail-rq-3-1-integral-calculus-mth-252z-400-u2026.json,61002f414a355fc307d6ef5200efb48007fa9d852a938bb801c9ae2777c728a6,4ccc32edd373f3f43503e00818b8df030ca26bc2c669f59b87316bb6d0ef87ab,2026-07-18T06:29:43.694Z,4,29,2,0,0,0
00402-mth-252-linked-detail-rq-3-2-integral-calculus-mth-252z-400-u2026,2080857,MTH-252,linked_detail,linked_detail,https://canvas.oregonstate.edu/courses/2080857/quizzes/3167667/take?user_id=6660414,https://canvas.oregonstate.edu/courses/2080857/quizzes/3167667/take?user_id=6660414,RQ-3.2 : INTEGRAL CALCULUS (MTH_252Z_400_U2026),quiz,3167667,2,,,raw_html/00402-mth-252-linked-detail-rq-3-2-integral-calculus-mth-252z-400-u2026.html,text/00402-mth-252-linked-detail-rq-3-2-integral-calculus-mth-252z-400-u2026.txt,text/00402-mth-252-linked-detail-rq-3-2-integral-calculus-mth-252z-400-u2026.fulltext.txt,markdown/00402-mth-252-linked-detail-rq-3-2-integral-calculus-mth-252z-400-u2026.md,,metadata/00402-mth-252-linked-detail-rq-3-2-integral-calculus-mth-252z-400-u2026.json,50c4149cdbd98b4c64faa9fe49b8c28ea16a6dd8f849c16269d97683f0161e7e,ad9dd5dc8ce93c69e5691f4d5ce6c5848d7640a41d31d0baa0f199190336db9c,2026-07-18T06:29:46.344Z,4,29,2,0,0,0
00403-mth-252-linked-detail-whw5-template-pdf-integral-calculus-mth-252z-400-u2026,2080857,MTH-252,linked_detail,linked_detail,https://canvas.oregonstate.edu/courses/2080857/files/119223503?wrap=1,https://canvas.oregonstate.edu/courses/2080857/files/119223503?wrap=1,WHW5-Template.pdf: INTEGRAL CALCULUS (MTH_252Z_400_U2026),file,119223503,2,,,raw_html/00403-mth-252-linked-detail-whw5-template-pdf-integral-calculus-mth-252z-400-u2026.html,text/00403-mth-252-linked-detail-whw5-template-pdf-integral-calculus-mth-252z-400-u2026.txt,text/00403-mth-252-linked-detail-whw5-template-pdf-integral-calculus-mth-252z-400-u2026.fulltext.txt,markdown/00403-mth-252-linked-detail-whw5-template-pdf-integral-calculus-mth-252z-400-u2026.md,,metadata/00403-mth-252-linked-detail-whw5-template-pdf-integral-calculus-mth-252z-400-u2026.json,d82e156a775765e70dd779e80c173c1cfc615351c50a50069e92e687424836b6,33041b3e060d72c2299db9b388554da9e5307b447cf593691ac20d35cd42ea89,2026-07-18T06:29:49.128Z,1,29,3,0,0,0
00404-mth-252-linked-detail-module-5-written-homework-whw-5-3-hours,2080857,MTH-252,linked_detail,linked_detail,https://canvas.oregonstate.edu/courses/2080857/assignments/10586058?module_item_id=26982594#,https://canvas.oregonstate.edu/courses/2080857/assignments/10586058?module_item_id=26982594#,Module 5 — Written Homework (WHW 5) 🕓 3 hours,assignment,10586058,2,,yes,raw_html/00404-mth-252-linked-detail-module-5-written-homework-whw-5-3-hours.html,text/00404-mth-252-linked-detail-module-5-written-homework-whw-5-3-hours.txt,text/00404-mth-252-linked-detail-module-5-written-homework-whw-5-3-hours.fulltext.txt,markdown/00404-mth-252-linked-detail-module-5-written-homework-whw-5-3-hours.md,,metadata/00404-mth-252-linked-detail-module-5-written-homework-whw-5-3-hours.json,518afdd747df62f0a25bb6cc96ff7db91f8e68ba2d586351fbc670607b1d6ec7,5d4ec3afa79c9da843c67cc37f9cfab08503b9264427acd612d36f88cec62a66,2026-07-18T06:29:53.111Z,8,144,2,0,0,0
00405-mth-252-linked-detail-achieve-3-1-integration-by-parts,2080857,MTH-252,linked_detail,linked_detail,https://canvas.oregonstate.edu/courses/2080857/assignments/10586037?module_item_id=26982595#,https://canvas.oregonstate.edu/courses/2080857/assignments/10586037?module_item_id=26982595#,Achieve - 3.1 Integration by Parts,assignment,10586037,2,,yes,raw_html/00405-mth-252-linked-detail-achieve-3-1-integration-by-parts.html,text/00405-mth-252-linked-detail-achieve-3-1-integration-by-parts.txt,text/00405-mth-252-linked-detail-achieve-3-1-integration-by-parts.fulltext.txt,markdown/00405-mth-252-linked-detail-achieve-3-1-integration-by-parts.md,,metadata/00405-mth-252-linked-detail-achieve-3-1-integration-by-parts.json,d1499d2b811caca6f8f0ae30614b017324611c5323745d012d45c7c44ffd9dc9,08e42488889025292fd7ad410885ad2ac545c29bbfe0f05c2982635a33185d46,2026-07-18T06:29:55.796Z,2,52,2,0,0,0
00406-mth-252-linked-detail-achieve-3-2-trigonometric-integrals,2080857,MTH-252,linked_detail,linked_detail,https://canvas.oregonstate.edu/courses/2080857/assignments/10586038?module_item_id=26982596#,https://canvas.oregonstate.edu/courses/2080857/assignments/10586038?module_item_id=26982596#,Achieve - 3.2 Trigonometric Integrals,assignment,10586038,2,,yes,raw_html/00406-mth-252-linked-detail-achieve-3-2-trigonometric-integrals.html,text/00406-mth-252-linked-detail-achieve-3-2-trigonometric-integrals.txt,text/00406-mth-252-linked-detail-achieve-3-2-trigonometric-integrals.fulltext.txt,markdown/00406-mth-252-linked-detail-achieve-3-2-trigonometric-integrals.md,,metadata/00406-mth-252-linked-detail-achieve-3-2-trigonometric-integrals.json,3e05443b141d7fcaff4773fe2964cab96c72f7bb6422c416ada4b6016e5a917e,e0b56b155267b705c66a66708af7d1d5ae361e125a0874ac8b655fba0d8e942c,2026-07-18T06:30:01.844Z,2,54,2,0,0,0
00407-mth-252-linked-detail-252-lecture-3-1-to-me3-pdf-integral-calculus-mth-252z-400-u2026,2080857,MTH-252,linked_detail,linked_detail,https://canvas.oregonstate.edu/courses/2080857/files/119223561?module_item_id=26982599#,https://canvas.oregonstate.edu/courses/2080857/files/119223561?module_item_id=26982599#,252-Lecture-3.1-to-ME3.pdf: INTEGRAL CALCULUS (MTH_252Z_400_U2026),file,119223561,2,,,raw_html/00407-mth-252-linked-detail-252-lecture-3-1-to-me3-pdf-integral-calculus-mth-252z-400-u2026.html,text/00407-mth-252-linked-detail-252-lecture-3-1-to-me3-pdf-integral-calculus-mth-252z-400-u2026.txt,text/00407-mth-252-linked-detail-252-lecture-3-1-to-me3-pdf-integral-calculus-mth-252z-400-u2026.fulltext.txt,markdown/00407-mth-252-linked-detail-252-lecture-3-1-to-me3-pdf-integral-calculus-mth-252z-400-u2026.md,,metadata/00407-mth-252-linked-detail-252-lecture-3-1-to-me3-pdf-integral-calculus-mth-252z-400-u2026.json,0c40514a129340ef3efd0c4877a6d4f68a6fb676119a8a9953ef02b8e9daf170,bfd36710ccaf285ce810e57039e426295691cb79f7f262537d7c734ebdd2b685,2026-07-18T06:30:04.746Z,1,31,3,0,0,0
00408-mth-252-linked-detail-page-not-found,2080857,MTH-252,linked_detail,linked_detail,https://canvas.oregonstate.edu/courses/2080857/pages/$CANVAS_COURSE_REFERENCE$/file_ref/g9597b7a3e92abdd20049560c4405a399?wrap=1,https://canvas.oregonstate.edu/courses/2080857/pages/$CANVAS_COURSE_REFERENCE$/file_ref/g9597b7a3e92abdd20049560c4405a399?wrap=1,Page Not Found,page,$CANVAS_COURSE_REFERENCE$,2,,,raw_html/00408-mth-252-linked-detail-page-not-found.html,text/00408-mth-252-linked-detail-page-not-found.txt,text/00408-mth-252-linked-detail-page-not-found.fulltext.txt,markdown/00408-mth-252-linked-detail-page-not-found.md,,metadata/00408-mth-252-linked-detail-page-not-found.json,d3bbddfb61ea6f6a7c38df5ff1c4b1277e74c506e378ef82d84adc273ab5e959,1f3cad7f917aec981713b153906f275d6d7a2e253849ec562fee4847f84aa6ab,2026-07-18T06:30:07.042Z,2,13,2,0,0,0
00409-mth-252-linked-detail-page-not-found,2080857,MTH-252,linked_detail,linked_detail,https://canvas.oregonstate.edu/courses/2080857/pages/$CANVAS_COURSE_REFERENCE$/file_ref/g4d67a850c0877c247d26c4c95fa2d836?wrap=1,https://canvas.oregonstate.edu/courses/2080857/pages/$CANVAS_COURSE_REFERENCE$/file_ref/g4d67a850c0877c247d26c4c95fa2d836?wrap=1,Page Not Found,page,$CANVAS_COURSE_REFERENCE$,2,,,raw_html/00409-mth-252-linked-detail-page-not-found.html,text/00409-mth-252-linked-detail-page-not-found.txt,text/00409-mth-252-linked-detail-page-not-found.fulltext.txt,markdown/00409-mth-252-linked-detail-page-not-found.md,,metadata/00409-mth-252-linked-detail-page-not-found.json,71cf1d640fd711eb39728ba09548f4591dd22afde3384e84f9ea34694d1da715,1f3cad7f917aec981713b153906f275d6d7a2e253849ec562fee4847f84aa6ab,2026-07-18T06:30:08.939Z,2,13,2,0,0,0
00410-mth-252-linked-detail-module-6-written-homework-whw-6-3-hours,2080857,MTH-252,linked_detail,linked_detail,https://canvas.oregonstate.edu/courses/2080857/assignments/10586059?module_item_id=26982603#,https://canvas.oregonstate.edu/courses/2080857/assignments/10586059?module_item_id=26982603#,Module 6 — Written Homework (WHW 6) 🕓 3 hours,assignment,10586059,2,,,raw_html/00410-mth-252-linked-detail-module-6-written-homework-whw-6-3-hours.html,text/00410-mth-252-linked-detail-module-6-written-homework-whw-6-3-hours.txt,text/00410-mth-252-linked-detail-module-6-written-homework-whw-6-3-hours.fulltext.txt,markdown/00410-mth-252-linked-detail-module-6-written-homework-whw-6-3-hours.md,,metadata/00410-mth-252-linked-detail-module-6-written-homework-whw-6-3-hours.json,fbc94e38f9fcb27f7e70c1d18c3fa7ecb28cd0a6121a3e23101454120fd0bd96,53af13ac52c77547873525034fb4cd3ec017cd10d6e15c5cd5b88d72f27fd131,2026-07-18T06:30:11.399Z,2,52,2,0,0,0
00411-mth-252-linked-detail-achieve-3-3-trigonometric-substitution,2080857,MTH-252,linked_detail,linked_detail,https://canvas.oregonstate.edu/courses/2080857/assignments/10586039?module_item_id=26982605#,https://canvas.oregonstate.edu/courses/2080857/assignments/10586039?module_item_id=26982605#,Achieve - 3.3 Trigonometric Substitution,assignment,10586039,2,,yes,raw_html/00411-mth-252-linked-detail-achieve-3-3-trigonometric-substitution.html,text/00411-mth-252-linked-detail-achieve-3-3-trigonometric-substitution.txt,text/00411-mth-252-linked-detail-achieve-3-3-trigonometric-substitution.fulltext.txt,markdown/00411-mth-252-linked-detail-achieve-3-3-trigonometric-substitution.md,,metadata/00411-mth-252-linked-detail-achieve-3-3-trigonometric-substitution.json,0e01096edf74d8219c57987991cff83029eb05520f23b539d264ec2cd3fb1ff0,81a5d8ffd788027cf2c3ee1495d21059dc7eaaedfe59e79dd1bbb33abd4817c9,2026-07-18T06:30:14.348Z,2,54,2,0,0,0
00412-mth-252-linked-detail-achieve-3-4-partial-fractions,2080857,MTH-252,linked_detail,linked_detail,https://canvas.oregonstate.edu/courses/2080857/assignments/10586040?module_item_id=26982606#,https://canvas.oregonstate.edu/courses/2080857/assignments/10586040?module_item_id=26982606#,Achieve - 3.4 Partial Fractions,assignment,10586040,2,,yes,raw_html/00412-mth-252-linked-detail-achieve-3-4-partial-fractions.html,text/00412-mth-252-linked-detail-achieve-3-4-partial-fractions.txt,text/00412-mth-252-linked-detail-achieve-3-4-partial-fractions.fulltext.txt,markdown/00412-mth-252-linked-detail-achieve-3-4-partial-fractions.md,,metadata/00412-mth-252-linked-detail-achieve-3-4-partial-fractions.json,d72fab5ff9046af4f4039aee18865e60e552b4d5318b876d3b0a64ad54765e3c,b7c4f753a7acb5b99572cde91fafcd741791c9b0a640e6a963b30702216431a2,2026-07-18T06:30:17.043Z,2,54,2,0,0,0
00413-mth-252-linked-detail-mini-exam-3-tuesday-to-thursday,2080857,MTH-252,linked_detail,linked_detail,https://canvas.oregonstate.edu/courses/2080857/assignments/10586050?module_item_id=26982607#,https://canvas.oregonstate.edu/courses/2080857/assignments/10586050?module_item_id=26982607#,Mini-Exam 3 --> Tuesday to Thursday,assignment,10586050,2,,,raw_html/00413-mth-252-linked-detail-mini-exam-3-tuesday-to-thursday.html,text/00413-mth-252-linked-detail-mini-exam-3-tuesday-to-thursday.txt,text/00413-mth-252-linked-detail-mini-exam-3-tuesday-to-thursday.fulltext.txt,markdown/00413-mth-252-linked-detail-mini-exam-3-tuesday-to-thursday.md,,metadata/00413-mth-252-linked-detail-mini-exam-3-tuesday-to-thursday.json,5919d2ee31358b901ee2429003e953700748994a18e6e955193df28936db9a2c,0ab9601a73a4945d33c844dbe88ce696f71c9b625304578c8e9627d7399ef3bc,2026-07-18T06:30:19.592Z,2,54,2,0,0,0
00414-mth-252-linked-detail-page-not-found,2080857,MTH-252,linked_detail,linked_detail,https://canvas.oregonstate.edu/courses/2080857/pages/$CANVAS_COURSE_REFERENCE$/file_ref/ge66f62d3aefa8262ab8430c7ff8a8243?wrap=1,https://canvas.oregonstate.edu/courses/2080857/pages/$CANVAS_COURSE_REFERENCE$/file_ref/ge66f62d3aefa8262ab8430c7ff8a8243?wrap=1,Page Not Found,page,$CANVAS_COURSE_REFERENCE$,2,,,raw_html/00414-mth-252-linked-detail-page-not-found.html,text/00414-mth-252-linked-detail-page-not-found.txt,text/00414-mth-252-linked-detail-page-not-found.fulltext.txt,markdown/00414-mth-252-linked-detail-page-not-found.md,,metadata/00414-mth-252-linked-detail-page-not-found.json,92e261a42357aa863ee0d6a046b7d705776dbe1afeaf67ce238b4f476ee0b299,1f3cad7f917aec981713b153906f275d6d7a2e253849ec562fee4847f84aa6ab,2026-07-18T06:30:21.441Z,2,13,2,0,0,0
00415-mth-252-linked-detail-252-lecture-2-1-to-me4-pdf-integral-calculus-mth-252z-400-u2026,2080857,MTH-252,linked_detail,linked_detail,https://canvas.oregonstate.edu/courses/2080857/files/119223597?module_item_id=26982610#,https://canvas.oregonstate.edu/courses/2080857/files/119223597?module_item_id=26982610#,252-Lecture-2.1-to-ME4.pdf: INTEGRAL CALCULUS (MTH_252Z_400_U2026),file,119223597,2,,,raw_html/00415-mth-252-linked-detail-252-lecture-2-1-to-me4-pdf-integral-calculus-mth-252z-400-u2026.html,text/00415-mth-252-linked-detail-252-lecture-2-1-to-me4-pdf-integral-calculus-mth-252z-400-u2026.txt,text/00415-mth-252-linked-detail-252-lecture-2-1-to-me4-pdf-integral-calculus-mth-252z-400-u2026.fulltext.txt,markdown/00415-mth-252-linked-detail-252-lecture-2-1-to-me4-pdf-integral-calculus-mth-252z-400-u2026.md,,metadata/00415-mth-252-linked-detail-252-lecture-2-1-to-me4-pdf-integral-calculus-mth-252z-400-u2026.json,fa8be96318c3083bca9d39628ede0a41cb99a9f6418d8fa5570ef17f38c2c2ef,c99395328a003ddb927b4c00ce314162e8a6b34b7434553da74af7dd8339746c,2026-07-18T06:30:24.643Z,1,31,3,0,0,0
00416-mth-252-linked-detail-page-not-found,2080857,MTH-252,linked_detail,linked_detail,https://canvas.oregonstate.edu/courses/2080857/pages/$CANVAS_COURSE_REFERENCE$/file_ref/gb96f8483f0ee1dbe3cd5a7fc6e29a192?wrap=1,https://canvas.oregonstate.edu/courses/2080857/pages/$CANVAS_COURSE_REFERENCE$/file_ref/gb96f8483f0ee1dbe3cd5a7fc6e29a192?wrap=1,Page Not Found,page,$CANVAS_COURSE_REFERENCE$,2,,,raw_html/00416-mth-252-linked-detail-page-not-found.html,text/00416-mth-252-linked-detail-page-not-found.txt,text/00416-mth-252-linked-detail-page-not-found.fulltext.txt,markdown/00416-mth-252-linked-detail-page-not-found.md,,metadata/00416-mth-252-linked-detail-page-not-found.json,000579c4d5a0695ad21f941701bce4f2f7d34ca2efdca543f474717eaccd1308,1f3cad7f917aec981713b153906f275d6d7a2e253849ec562fee4847f84aa6ab,2026-07-18T06:30:26.638Z,2,13,2,0,0,0
00417-mth-252-linked-detail-page-not-found,2080857,MTH-252,linked_detail,linked_detail,https://canvas.oregonstate.edu/courses/2080857/pages/$CANVAS_COURSE_REFERENCE$/file_ref/gc6fcafc40b3ad850007aa23c360c3b10?wrap=1,https://canvas.oregonstate.edu/courses/2080857/pages/$CANVAS_COURSE_REFERENCE$/file_ref/gc6fcafc40b3ad850007aa23c360c3b10?wrap=1,Page Not Found,page,$CANVAS_COURSE_REFERENCE$,2,,,raw_html/00417-mth-252-linked-detail-page-not-found.html,text/00417-mth-252-linked-detail-page-not-found.txt,text/00417-mth-252-linked-detail-page-not-found.fulltext.txt,markdown/00417-mth-252-linked-detail-page-not-found.md,,metadata/00417-mth-252-linked-detail-page-not-found.json,53c12e33fb774399bcb6795fa3ed47d5084dfcc1721aa79293cebe38a72cc6d2,1f3cad7f917aec981713b153906f275d6d7a2e253849ec562fee4847f84aa6ab,2026-07-18T06:30:28.739Z,2,13,2,0,0,0
00418-mth-252-linked-detail-page-not-found,2080857,MTH-252,linked_detail,linked_detail,https://canvas.oregonstate.edu/courses/2080857/pages/$CANVAS_COURSE_REFERENCE$/file_ref/gbbf43049a12a8f933a6df5fa00d2187b?wrap=1,https://canvas.oregonstate.edu/courses/2080857/pages/$CANVAS_COURSE_REFERENCE$/file_ref/gbbf43049a12a8f933a6df5fa00d2187b?wrap=1,Page Not Found,page,$CANVAS_COURSE_REFERENCE$,2,,,raw_html/00418-mth-252-linked-detail-page-not-found.html,text/00418-mth-252-linked-detail-page-not-found.txt,text/00418-mth-252-linked-detail-page-not-found.fulltext.txt,markdown/00418-mth-252-linked-detail-page-not-found.md,,metadata/00418-mth-252-linked-detail-page-not-found.json,e119b19b6ea6f94f32415ec7d00476307b94200617e43f490d7bf3ab0eb58967,1f3cad7f917aec981713b153906f275d6d7a2e253849ec562fee4847f84aa6ab,2026-07-18T06:30:30.589Z,2,13,2,0,0,0
00419-mth-252-linked-detail-page-not-found,2080857,MTH-252,linked_detail,linked_detail,https://canvas.oregonstate.edu/courses/2080857/pages/$CANVAS_COURSE_REFERENCE$/file_ref/g6058770617b562c0b8540a559293b9f2?wrap=1,https://canvas.oregonstate.edu/courses/2080857/pages/$CANVAS_COURSE_REFERENCE$/file_ref/g6058770617b562c0b8540a559293b9f2?wrap=1,Page Not Found,page,$CANVAS_COURSE_REFERENCE$,2,,,raw_html/00419-mth-252-linked-detail-page-not-found.html,text/00419-mth-252-linked-detail-page-not-found.txt,text/00419-mth-252-linked-detail-page-not-found.fulltext.txt,markdown/00419-mth-252-linked-detail-page-not-found.md,,metadata/00419-mth-252-linked-detail-page-not-found.json,eaca0e3f0c8730697e3439f10ac83b10697412ab051e6adc8b80cd20b3084601,1f3cad7f917aec981713b153906f275d6d7a2e253849ec562fee4847f84aa6ab,2026-07-18T06:30:32.592Z,2,13,2,0,0,0
00420-mth-252-linked-detail-achieve-2-1-areas-between-curves,2080857,MTH-252,linked_detail,linked_detail,https://canvas.oregonstate.edu/courses/2080857/assignments/10586031?module_item_id=26982615#,https://canvas.oregonstate.edu/courses/2080857/assignments/10586031?module_item_id=26982615#,Achieve - 2.1 Areas between Curves,assignment,10586031,2,,yes,raw_html/00420-mth-252-linked-detail-achieve-2-1-areas-between-curves.html,text/00420-mth-252-linked-detail-achieve-2-1-areas-between-curves.txt,text/00420-mth-252-linked-detail-achieve-2-1-areas-between-curves.fulltext.txt,markdown/00420-mth-252-linked-detail-achieve-2-1-areas-between-curves.md,,metadata/00420-mth-252-linked-detail-achieve-2-1-areas-between-curves.json,5d4a6458524d2abef49aa9e80319a3ffb28d690c4159a18716b41e139ed459f6,05e96284b2787cc17f722c063b17bfd5d429ac269d201645b0506ea6854882f8,2026-07-18T06:30:35.146Z,2,54,2,0,0,0
00421-mth-252-linked-detail-achieve-2-2-volumes-by-slicing-and-disc-washer-method,2080857,MTH-252,linked_detail,linked_detail,https://canvas.oregonstate.edu/courses/2080857/assignments/10586032?module_item_id=26982616#,https://canvas.oregonstate.edu/courses/2080857/assignments/10586032?module_item_id=26982616#,Achieve - 2.2 Volumes by Slicing and Disc/Washer Method,assignment,10586032,2,,yes,raw_html/00421-mth-252-linked-detail-achieve-2-2-volumes-by-slicing-and-disc-washer-method.html,text/00421-mth-252-linked-detail-achieve-2-2-volumes-by-slicing-and-disc-washer-method.txt,text/00421-mth-252-linked-detail-achieve-2-2-volumes-by-slicing-and-disc-washer-method.fulltext.txt,markdown/00421-mth-252-linked-detail-achieve-2-2-volumes-by-slicing-and-disc-washer-method.md,,metadata/00421-mth-252-linked-detail-achieve-2-2-volumes-by-slicing-and-disc-washer-method.json,5223941569959259ba2a2cde25eebf0f388fbd1b8eaadf6de7eac292e6111c25,37bc01b16cca20e070e46d30baf8b83c9fcb5f30ce4ed46fda0a4e6423b5db56,2026-07-18T06:30:37.648Z,2,52,2,0,0,0
00422-mth-252-linked-detail-module-7-written-homework-whw-7-3-hours,2080857,MTH-252,linked_detail,linked_detail,https://canvas.oregonstate.edu/courses/2080857/assignments/10586060?module_item_id=26982617#,https://canvas.oregonstate.edu/courses/2080857/assignments/10586060?module_item_id=26982617#,Module 7 — Written Homework (WHW 7) 🕓 3 hours,assignment,10586060,2,,,raw_html/00422-mth-252-linked-detail-module-7-written-homework-whw-7-3-hours.html,text/00422-mth-252-linked-detail-module-7-written-homework-whw-7-3-hours.txt,text/00422-mth-252-linked-detail-module-7-written-homework-whw-7-3-hours.fulltext.txt,markdown/00422-mth-252-linked-detail-module-7-written-homework-whw-7-3-hours.md,,metadata/00422-mth-252-linked-detail-module-7-written-homework-whw-7-3-hours.json,8a7af88ae7bf764b6995a0b9575fbe40c38ef9a172379b38364bddd12b3a8d74,87ab89168b033f9cec9f361fcdc78dca3c453068856cdabe481c22094c9fcf9f,2026-07-18T06:30:40.550Z,2,52,2,0,0,0
00423-mth-252-linked-detail-252-lecture-2-1-to-me4-pdf-integral-calculus-mth-252z-400-u2026,2080857,MTH-252,linked_detail,linked_detail,https://canvas.oregonstate.edu/courses/2080857/files/119223597?module_item_id=26982621#,https://canvas.oregonstate.edu/courses/2080857/files/119223597?module_item_id=26982621#,252-Lecture-2.1-to-ME4.pdf: INTEGRAL CALCULUS (MTH_252Z_400_U2026),file,119223597,2,,,raw_html/00423-mth-252-linked-detail-252-lecture-2-1-to-me4-pdf-integral-calculus-mth-252z-400-u2026.html,text/00423-mth-252-linked-detail-252-lecture-2-1-to-me4-pdf-integral-calculus-mth-252z-400-u2026.txt,text/00423-mth-252-linked-detail-252-lecture-2-1-to-me4-pdf-integral-calculus-mth-252z-400-u2026.fulltext.txt,markdown/00423-mth-252-linked-detail-252-lecture-2-1-to-me4-pdf-integral-calculus-mth-252z-400-u2026.md,,metadata/00423-mth-252-linked-detail-252-lecture-2-1-to-me4-pdf-integral-calculus-mth-252z-400-u2026.json,5fd996042e74430ffc087397115938a283c157d0e031c60efa57dcbe624591cd,c99395328a003ddb927b4c00ce314162e8a6b34b7434553da74af7dd8339746c,2026-07-18T06:30:43.443Z,1,31,3,0,0,0
00424-mth-252-linked-detail-lecture-2-3-2-4-pdf-integral-calculus-mth-252z-400-u2026,2080857,MTH-252,linked_detail,linked_detail,https://canvas.oregonstate.edu/courses/2080857/files/119223466?module_item_id=26982622#,https://canvas.oregonstate.edu/courses/2080857/files/119223466?module_item_id=26982622#,Lecture-2.3-2.4.pdf: INTEGRAL CALCULUS (MTH_252Z_400_U2026),file,119223466,2,,,raw_html/00424-mth-252-linked-detail-lecture-2-3-2-4-pdf-integral-calculus-mth-252z-400-u2026.html,text/00424-mth-252-linked-detail-lecture-2-3-2-4-pdf-integral-calculus-mth-252z-400-u2026.txt,text/00424-mth-252-linked-detail-lecture-2-3-2-4-pdf-integral-calculus-mth-252z-400-u2026.fulltext.txt,markdown/00424-mth-252-linked-detail-lecture-2-3-2-4-pdf-integral-calculus-mth-252z-400-u2026.md,,metadata/00424-mth-252-linked-detail-lecture-2-3-2-4-pdf-integral-calculus-mth-252z-400-u2026.json,7573beba04575b53a6f5f3766eec4c3c726f47ac0dd416e3e1517ffce3c4d211,4dcbc8884de373994918908b3c68cc858c285de15b73775aa09943008521caf3,2026-07-18T06:30:45.884Z,1,31,3,0,0,0
00425-mth-252-linked-detail-page-not-found,2080857,MTH-252,linked_detail,linked_detail,https://canvas.oregonstate.edu/courses/2080857/pages/$CANVAS_COURSE_REFERENCE$/file_ref/g6073b18bbe1c37ac3e81a46c5bcdfaa9?wrap=1,https://canvas.oregonstate.edu/courses/2080857/pages/$CANVAS_COURSE_REFERENCE$/file_ref/g6073b18bbe1c37ac3e81a46c5bcdfaa9?wrap=1,Page Not Found,page,$CANVAS_COURSE_REFERENCE$,2,,,raw_html/00425-mth-252-linked-detail-page-not-found.html,text/00425-mth-252-linked-detail-page-not-found.txt,text/00425-mth-252-linked-detail-page-not-found.fulltext.txt,markdown/00425-mth-252-linked-detail-page-not-found.md,,metadata/00425-mth-252-linked-detail-page-not-found.json,816cddaf3447c43dea59744bded1903b7b00db2851e73f65478a7322d6ff13e5,1f3cad7f917aec981713b153906f275d6d7a2e253849ec562fee4847f84aa6ab,2026-07-18T06:30:49.149Z,2,13,2,0,0,0
00426-mth-252-linked-detail-module-8-written-homework-whw-8-3-hours,2080857,MTH-252,linked_detail,linked_detail,https://canvas.oregonstate.edu/courses/2080857/assignments/10586061?module_item_id=26982626#,https://canvas.oregonstate.edu/courses/2080857/assignments/10586061?module_item_id=26982626#,Module 8 — Written Homework (WHW 8) 🕓 3 hours,assignment,10586061,2,,,raw_html/00426-mth-252-linked-detail-module-8-written-homework-whw-8-3-hours.html,text/00426-mth-252-linked-detail-module-8-written-homework-whw-8-3-hours.txt,text/00426-mth-252-linked-detail-module-8-written-homework-whw-8-3-hours.fulltext.txt,markdown/00426-mth-252-linked-detail-module-8-written-homework-whw-8-3-hours.md,,metadata/00426-mth-252-linked-detail-module-8-written-homework-whw-8-3-hours.json,a79e69ac70c830fd5496f37155990e07fff7c08e45df8ebc7e14952e6501b711,ff01d15b49d61e25cee77b5b262da7f33c6539fa6cfa4a4ad222e04f846cb5b6,2026-07-18T06:30:51.845Z,2,52,2,0,0,0
00427-mth-252-linked-detail-achieve-2-3-volumes-of-revolution-cylindrical-shells,2080857,MTH-252,linked_detail,linked_detail,https://canvas.oregonstate.edu/courses/2080857/assignments/10586033?module_item_id=26982628#,https://canvas.oregonstate.edu/courses/2080857/assignments/10586033?module_item_id=26982628#,Achieve - 2.3 Volumes of Revolution: Cylindrical Shells,assignment,10586033,2,,yes,raw_html/00427-mth-252-linked-detail-achieve-2-3-volumes-of-revolution-cylindrical-shells.html,text/00427-mth-252-linked-detail-achieve-2-3-volumes-of-revolution-cylindrical-shells.txt,text/00427-mth-252-linked-detail-achieve-2-3-volumes-of-revolution-cylindrical-shells.fulltext.txt,markdown/00427-mth-252-linked-detail-achieve-2-3-volumes-of-revolution-cylindrical-shells.md,,metadata/00427-mth-252-linked-detail-achieve-2-3-volumes-of-revolution-cylindrical-shells.json,1a3f6aabcefaf2c243edbaad3a506541c410a81c844a12502cbee57d4660b12a,b97f2a922e01b870f4eee378f49bd81621736437a45b6eb0ab036bd27ad013d7,2026-07-18T06:30:54.747Z,2,54,2,0,0,0
00428-mth-252-linked-detail-acheive-2-4-arc-length-of-a-curve-no-surface-area,2080857,MTH-252,linked_detail,linked_detail,https://canvas.oregonstate.edu/courses/2080857/assignments/10586024?module_item_id=26982629#,https://canvas.oregonstate.edu/courses/2080857/assignments/10586024?module_item_id=26982629#,Acheive - 2.4 Arc Length of a Curve (NO Surface Area),assignment,10586024,2,,yes,raw_html/00428-mth-252-linked-detail-acheive-2-4-arc-length-of-a-curve-no-surface-area.html,text/00428-mth-252-linked-detail-acheive-2-4-arc-length-of-a-curve-no-surface-area.txt,text/00428-mth-252-linked-detail-acheive-2-4-arc-length-of-a-curve-no-surface-area.fulltext.txt,markdown/00428-mth-252-linked-detail-acheive-2-4-arc-length-of-a-curve-no-surface-area.md,,metadata/00428-mth-252-linked-detail-acheive-2-4-arc-length-of-a-curve-no-surface-area.json,685d7e07193248660aa9d5f6d256a5cdbb93007b4ce53ac709ca2adc52030383,31e891ffb482bbaedd7cbc8dd5962bd48f57615cdd351ef627c3c16584b972f0,2026-07-18T06:30:57.745Z,2,54,2,0,0,0
00429-mth-252-linked-detail-mini-exam-4-tuesday-to-thursday,2080857,MTH-252,linked_detail,linked_detail,https://canvas.oregonstate.edu/courses/2080857/assignments/10586052?module_item_id=26982630#,https://canvas.oregonstate.edu/courses/2080857/assignments/10586052?module_item_id=26982630#,Mini-Exam 4 --> Tuesday to Thursday,assignment,10586052,2,,,raw_html/00429-mth-252-linked-detail-mini-exam-4-tuesday-to-thursday.html,text/00429-mth-252-linked-detail-mini-exam-4-tuesday-to-thursday.txt,text/00429-mth-252-linked-detail-mini-exam-4-tuesday-to-thursday.fulltext.txt,markdown/00429-mth-252-linked-detail-mini-exam-4-tuesday-to-thursday.md,,metadata/00429-mth-252-linked-detail-mini-exam-4-tuesday-to-thursday.json,b782125e925b768b56eec2ef59dcc8ffcf6f0c16f31e026d9d2cc625042d2eb1,00894aed12dba041317c4c2962293377311193b53180a9a38073c36e0413fedc,2026-07-18T06:31:00.298Z,2,54,2,0,0,0
00430-mth-252-linked-detail-252-lecture-2-5-to-me5-pdf-integral-calculus-mth-252z-400-u2026,2080857,MTH-252,linked_detail,linked_detail,https://canvas.oregonstate.edu/courses/2080857/files/119223598?module_item_id=26982633#,https://canvas.oregonstate.edu/courses/2080857/files/119223598?module_item_id=26982633#,252-Lecture-2.5-to-ME5.pdf: INTEGRAL CALCULUS (MTH_252Z_400_U2026),file,119223598,2,,,raw_html/00430-mth-252-linked-detail-252-lecture-2-5-to-me5-pdf-integral-calculus-mth-252z-400-u2026.html,text/00430-mth-252-linked-detail-252-lecture-2-5-to-me5-pdf-integral-calculus-mth-252z-400-u2026.txt,text/00430-mth-252-linked-detail-252-lecture-2-5-to-me5-pdf-integral-calculus-mth-252z-400-u2026.fulltext.txt,markdown/00430-mth-252-linked-detail-252-lecture-2-5-to-me5-pdf-integral-calculus-mth-252z-400-u2026.md,,metadata/00430-mth-252-linked-detail-252-lecture-2-5-to-me5-pdf-integral-calculus-mth-252z-400-u2026.json,215b5ff1dfaeb5baf48d8029b92be55cb89cde3919f51c5a156c8b4d588e157c,6c35fbced3ee727262015f36306f87e1f66f9cc1c55c23f1d70a61dcb485dac6,2026-07-18T06:31:02.896Z,1,31,3,0,0,0
00431-mth-252-linked-detail-page-not-found,2080857,MTH-252,linked_detail,linked_detail,https://canvas.oregonstate.edu/courses/2080857/pages/$CANVAS_COURSE_REFERENCE$/file_ref/g4f20502dbd0595caf4451e4ebe8369c1?wrap=1,https://canvas.oregonstate.edu/courses/2080857/pages/$CANVAS_COURSE_REFERENCE$/file_ref/g4f20502dbd0595caf4451e4ebe8369c1?wrap=1,Page Not Found,page,$CANVAS_COURSE_REFERENCE$,2,,,raw_html/00431-mth-252-linked-detail-page-not-found.html,text/00431-mth-252-linked-detail-page-not-found.txt,text/00431-mth-252-linked-detail-page-not-found.fulltext.txt,markdown/00431-mth-252-linked-detail-page-not-found.md,,metadata/00431-mth-252-linked-detail-page-not-found.json,328daf10e1f1c0e5063fbce6d6069d55b0172dfaf241a8b87b77d27ce3015136,1f3cad7f917aec981713b153906f275d6d7a2e253849ec562fee4847f84aa6ab,2026-07-18T06:31:04.890Z,2,13,2,0,0,0
00432-mth-252-linked-detail-252-lecture-2-5-to-me5-pages-5-8-13-17-19-20-1-1-pdf-integral-calculus-mth-252z-400-u2026,2080857,MTH-252,linked_detail,linked_detail,https://canvas.oregonstate.edu/courses/2080857/files/119223617?wrap=1,https://canvas.oregonstate.edu/courses/2080857/files/119223617?wrap=1,"252-Lecture-2.5-to-ME5 pages 5 - 8, 13 - 17, 19, 20-1-1.pdf: INTEGRAL CALCULUS (MTH_252Z_400_U2026)",file,119223617,2,,,raw_html/00432-mth-252-linked-detail-252-lecture-2-5-to-me5-pages-5-8-13-17-19-20-1-1-pdf-integral-calculus-mth-252z-400-u2026.html,text/00432-mth-252-linked-detail-252-lecture-2-5-to-me5-pages-5-8-13-17-19-20-1-1-pdf-integral-calculus-mth-252z-400-u2026.txt,text/00432-mth-252-linked-detail-252-lecture-2-5-to-me5-pages-5-8-13-17-19-20-1-1-pdf-integral-calculus-mth-252z-400-u2026.fulltext.txt,markdown/00432-mth-252-linked-detail-252-lecture-2-5-to-me5-pages-5-8-13-17-19-20-1-1-pdf-integral-calculus-mth-252z-400-u2026.md,,metadata/00432-mth-252-linked-detail-252-lecture-2-5-to-me5-pages-5-8-13-17-19-20-1-1-pdf-integral-calculus-mth-252z-400-u2026.json,5e0cce01fe00533b5f76b97b5ef4ca7f601e2fb8465f7ff3fee388b364df6c54,20fc1065ee4847765419b62c73f3905ed9035f2226f569fcdc7eaa0e2577eb60,2026-07-18T06:31:06.941Z,1,29,3,0,0,0
00433-mth-252-linked-detail-page-not-found,2080857,MTH-252,linked_detail,linked_detail,https://canvas.oregonstate.edu/courses/2080857/pages/$CANVAS_COURSE_REFERENCE$/file_ref/g42875dc6e7ef2e217410d1eaf8751908?wrap=1,https://canvas.oregonstate.edu/courses/2080857/pages/$CANVAS_COURSE_REFERENCE$/file_ref/g42875dc6e7ef2e217410d1eaf8751908?wrap=1,Page Not Found,page,$CANVAS_COURSE_REFERENCE$,2,,,raw_html/00433-mth-252-linked-detail-page-not-found.html,text/00433-mth-252-linked-detail-page-not-found.txt,text/00433-mth-252-linked-detail-page-not-found.fulltext.txt,markdown/00433-mth-252-linked-detail-page-not-found.md,,metadata/00433-mth-252-linked-detail-page-not-found.json,de46c7f2581cb4db8074804ff525800000bdba677bb1e5ab86e920c4b9ca500a,1f3cad7f917aec981713b153906f275d6d7a2e253849ec562fee4847f84aa6ab,2026-07-18T06:31:09.139Z,2,13,2,0,0,0
00434-mth-252-linked-detail-module-9-written-homework-whw-9-3-hours,2080857,MTH-252,linked_detail,linked_detail,https://canvas.oregonstate.edu/courses/2080857/assignments/10586062?module_item_id=26982636#,https://canvas.oregonstate.edu/courses/2080857/assignments/10586062?module_item_id=26982636#,Module 9 — Written Homework (WHW 9) 🕓 3 hours,assignment,10586062,2,,,raw_html/00434-mth-252-linked-detail-module-9-written-homework-whw-9-3-hours.html,text/00434-mth-252-linked-detail-module-9-written-homework-whw-9-3-hours.txt,text/00434-mth-252-linked-detail-module-9-written-homework-whw-9-3-hours.fulltext.txt,markdown/00434-mth-252-linked-detail-module-9-written-homework-whw-9-3-hours.md,,metadata/00434-mth-252-linked-detail-module-9-written-homework-whw-9-3-hours.json,b5aae9f59cbf9f3f010061c0360e6e0e6089eca32ed9f5d29a54537de69bf7e9,68e2c2f9c25a58054ff5f37bacdf0e12037dd10f0aaa045429f3b3af59ea25b6,2026-07-18T06:31:11.550Z,2,54,2,0,0,0
00435-mth-252-linked-detail-achieve-2-5-1-physical-applications,2080857,MTH-252,linked_detail,linked_detail,https://canvas.oregonstate.edu/courses/2080857/assignments/10586034?module_item_id=26982638#,https://canvas.oregonstate.edu/courses/2080857/assignments/10586034?module_item_id=26982638#,Achieve - 2.5 - 1 Physical Applications,assignment,10586034,2,,yes,raw_html/00435-mth-252-linked-detail-achieve-2-5-1-physical-applications.html,text/00435-mth-252-linked-detail-achieve-2-5-1-physical-applications.txt,text/00435-mth-252-linked-detail-achieve-2-5-1-physical-applications.fulltext.txt,markdown/00435-mth-252-linked-detail-achieve-2-5-1-physical-applications.md,,metadata/00435-mth-252-linked-detail-achieve-2-5-1-physical-applications.json,f45173d45450a6eb5d164faea640dfa1a321db04c076bc17b8008552f467eab9,3648081c389fdf4d36a4263c6f3fcf43f3c0f68cd6f2c15861914e6c1100bd82,2026-07-18T06:31:14.015Z,2,52,2,0,0,0
00436-mth-252-linked-detail-achieve-2-5-2-physical-applications,2080857,MTH-252,linked_detail,linked_detail,https://canvas.oregonstate.edu/courses/2080857/assignments/10586036?module_item_id=26982639#,https://canvas.oregonstate.edu/courses/2080857/assignments/10586036?module_item_id=26982639#,Achieve - 2.5 - 2 Physical Applications,assignment,10586036,2,,yes,raw_html/00436-mth-252-linked-detail-achieve-2-5-2-physical-applications.html,text/00436-mth-252-linked-detail-achieve-2-5-2-physical-applications.txt,text/00436-mth-252-linked-detail-achieve-2-5-2-physical-applications.fulltext.txt,markdown/00436-mth-252-linked-detail-achieve-2-5-2-physical-applications.md,,metadata/00436-mth-252-linked-detail-achieve-2-5-2-physical-applications.json,89d072b4c37148d72c90a173b00f2a1b3b1c6d540fa016c0d08eaceb542fc9b0,531abcf194860c541d1d858ac418dbe75b28cb680607245c0003f4355ca9f4fc,2026-07-18T06:31:16.845Z,2,54,2,0,0,0
00437-mth-252-linked-detail-252-lecture-2-5-to-me5-pdf-integral-calculus-mth-252z-400-u2026,2080857,MTH-252,linked_detail,linked_detail,https://canvas.oregonstate.edu/courses/2080857/files/119223598?module_item_id=26982644#,https://canvas.oregonstate.edu/courses/2080857/files/119223598?module_item_id=26982644#,252-Lecture-2.5-to-ME5.pdf: INTEGRAL CALCULUS (MTH_252Z_400_U2026),file,119223598,2,,,raw_html/00437-mth-252-linked-detail-252-lecture-2-5-to-me5-pdf-integral-calculus-mth-252z-400-u2026.html,text/00437-mth-252-linked-detail-252-lecture-2-5-to-me5-pdf-integral-calculus-mth-252z-400-u2026.txt,text/00437-mth-252-linked-detail-252-lecture-2-5-to-me5-pdf-integral-calculus-mth-252z-400-u2026.fulltext.txt,markdown/00437-mth-252-linked-detail-252-lecture-2-5-to-me5-pdf-integral-calculus-mth-252z-400-u2026.md,,metadata/00437-mth-252-linked-detail-252-lecture-2-5-to-me5-pdf-integral-calculus-mth-252z-400-u2026.json,18e50615afa97762c347c058a273045f981e7b340069dafdb08b6a2570613ae5,6c35fbced3ee727262015f36306f87e1f66f9cc1c55c23f1d70a61dcb485dac6,2026-07-18T06:31:19.699Z,1,31,3,0,0,0
00438-mth-252-linked-detail-252-lecture-2-5-to-me5-pages-5-8-13-17-19-20-1-2-pdf-integral-calculus-mth-252z-400-u2026,2080857,MTH-252,linked_detail,linked_detail,https://canvas.oregonstate.edu/courses/2080857/files/119223618?wrap=1,https://canvas.oregonstate.edu/courses/2080857/files/119223618?wrap=1,"252-Lecture-2.5-to-ME5 pages 5 - 8, 13 - 17, 19, 20-1-2.pdf: INTEGRAL CALCULUS (MTH_252Z_400_U2026)",file,119223618,2,,,raw_html/00438-mth-252-linked-detail-252-lecture-2-5-to-me5-pages-5-8-13-17-19-20-1-2-pdf-integral-calculus-mth-252z-400-u2026.html,text/00438-mth-252-linked-detail-252-lecture-2-5-to-me5-pages-5-8-13-17-19-20-1-2-pdf-integral-calculus-mth-252z-400-u2026.txt,text/00438-mth-252-linked-detail-252-lecture-2-5-to-me5-pages-5-8-13-17-19-20-1-2-pdf-integral-calculus-mth-252z-400-u2026.fulltext.txt,markdown/00438-mth-252-linked-detail-252-lecture-2-5-to-me5-pages-5-8-13-17-19-20-1-2-pdf-integral-calculus-mth-252z-400-u2026.md,,metadata/00438-mth-252-linked-detail-252-lecture-2-5-to-me5-pages-5-8-13-17-19-20-1-2-pdf-integral-calculus-mth-252z-400-u2026.json,812ece388b872b09ed0ce1618291a969937a7a7c160502e554b9c850b5549caa,9b3b82379a83ec21e483874d785a0f67317f0c602ca3fd1fbe5cdf67d798616b,2026-07-18T06:31:21.898Z,1,29,3,0,0,0
00439-mth-252-linked-detail-dr-g-s-videos-3-7-integral-calculus-mth-252z-400-u2026,2080857,MTH-252,linked_detail,linked_detail,https://canvas.oregonstate.edu/courses/2080857/pages/dr-gs-videos-%3E-3-dot-7?module_item_id=26982645#,https://canvas.oregonstate.edu/courses/2080857/pages/dr-gs-videos-%3E-3-dot-7?module_item_id=26982645#,Dr G's Videos --> 3.7: INTEGRAL CALCULUS (MTH_252Z_400_U2026),page,dr-gs-videos-%3E-3-dot-7,2,,,raw_html/00439-mth-252-linked-detail-dr-g-s-videos-3-7-integral-calculus-mth-252z-400-u2026.html,text/00439-mth-252-linked-detail-dr-g-s-videos-3-7-integral-calculus-mth-252z-400-u2026.txt,text/00439-mth-252-linked-detail-dr-g-s-videos-3-7-integral-calculus-mth-252z-400-u2026.fulltext.txt,markdown/00439-mth-252-linked-detail-dr-g-s-videos-3-7-integral-calculus-mth-252z-400-u2026.md,,metadata/00439-mth-252-linked-detail-dr-g-s-videos-3-7-integral-calculus-mth-252z-400-u2026.json,b89214c0b3a068197e66c2470d5bb33e4f0b39ab184b9fd71a67f773fe65b2c2,6ac7f4f150f728d4ca0a199710f220a192b2bb1895ec885dbe23a357dd9cf9d6,2026-07-18T06:31:24.593Z,1,30,4,0,0,0
00440-mth-252-linked-detail-reflection-3,2080857,MTH-252,linked_detail,linked_detail,https://canvas.oregonstate.edu/courses/2080857/assignments/10586064?module_item_id=26982647#,https://canvas.oregonstate.edu/courses/2080857/assignments/10586064?module_item_id=26982647#,Reflection 3,assignment,10586064,2,,yes,raw_html/00440-mth-252-linked-detail-reflection-3.html,text/00440-mth-252-linked-detail-reflection-3.txt,text/00440-mth-252-linked-detail-reflection-3.fulltext.txt,markdown/00440-mth-252-linked-detail-reflection-3.md,,metadata/00440-mth-252-linked-detail-reflection-3.json,855bcdebe36d4937c0fc45ce34fe762e738d33dbe89abee3d832ed2138393e89,d6b7b4d80862b46bb0b9c40ee6175231cababea91b977052bdaca7f8d0f4fde7,2026-07-18T06:31:28.995Z,2,54,2,0,0,0
00441-mth-252-linked-detail-achieve-3-7-improper-integrals,2080857,MTH-252,linked_detail,linked_detail,https://canvas.oregonstate.edu/courses/2080857/assignments/10586041?module_item_id=26982648#,https://canvas.oregonstate.edu/courses/2080857/assignments/10586041?module_item_id=26982648#,Achieve - 3.7 Improper Integrals,assignment,10586041,2,,yes,raw_html/00441-mth-252-linked-detail-achieve-3-7-improper-integrals.html,text/00441-mth-252-linked-detail-achieve-3-7-improper-integrals.txt,text/00441-mth-252-linked-detail-achieve-3-7-improper-integrals.fulltext.txt,markdown/00441-mth-252-linked-detail-achieve-3-7-improper-integrals.md,,metadata/00441-mth-252-linked-detail-achieve-3-7-improper-integrals.json,c3b068bf7474b7b21b18817da821fe21d8f79416de7329a72aedf0d1ce544191,9b262d84fd3aec64f95476d7d354bc7e709f786238e6deb969bf2577441bf036,2026-07-18T06:31:31.544Z,2,54,2,0,0,0
00442-mth-252-linked-detail-module-10-written-homework-whw-10-3-hours,2080857,MTH-252,linked_detail,linked_detail,https://canvas.oregonstate.edu/courses/2080857/assignments/10586054?module_item_id=26982649#,https://canvas.oregonstate.edu/courses/2080857/assignments/10586054?module_item_id=26982649#,Module 10 — Written Homework (WHW 10) 🕓 3 hours,assignment,10586054,2,,,raw_html/00442-mth-252-linked-detail-module-10-written-homework-whw-10-3-hours.html,text/00442-mth-252-linked-detail-module-10-written-homework-whw-10-3-hours.txt,text/00442-mth-252-linked-detail-module-10-written-homework-whw-10-3-hours.fulltext.txt,markdown/00442-mth-252-linked-detail-module-10-written-homework-whw-10-3-hours.md,,metadata/00442-mth-252-linked-detail-module-10-written-homework-whw-10-3-hours.json,277e386b6bb129f086558fed3d22875d6b132943e1b83d0dd399090a2370a180,6dfc122e01e544f3db52b117d162e4c8372bb473d2bc1381cb9f452a3da25f3d,2026-07-18T06:31:34.500Z,2,54,2,0,0,0
00443-mth-252-linked-detail-final-mini-exam-5-monday-to-wednesday,2080857,MTH-252,linked_detail,linked_detail,https://canvas.oregonstate.edu/courses/2080857/assignments/10586043?module_item_id=26982652#,https://canvas.oregonstate.edu/courses/2080857/assignments/10586043?module_item_id=26982652#,Final Mini-Exam 5 --> Monday to Wednesday,assignment,10586043,2,,,raw_html/00443-mth-252-linked-detail-final-mini-exam-5-monday-to-wednesday.html,text/00443-mth-252-linked-detail-final-mini-exam-5-monday-to-wednesday.txt,text/00443-mth-252-linked-detail-final-mini-exam-5-monday-to-wednesday.fulltext.txt,markdown/00443-mth-252-linked-detail-final-mini-exam-5-monday-to-wednesday.md,,metadata/00443-mth-252-linked-detail-final-mini-exam-5-monday-to-wednesday.json,b95926e54c083a71dea93508ddea2aa3ff3623e490574951af529a5bf28c76d5,7c243fb8e133a62b09bb4f6d34a95bf849c1763c92db92dd85d104a408037f0d,2026-07-18T06:31:38.017Z,2,52,2,0,0,0
00444-mth-252-linked-detail-mini-exam-1-retake,2080857,MTH-252,linked_detail,linked_detail,https://canvas.oregonstate.edu/courses/2080857/assignments/10586046?module_item_id=26982653#,https://canvas.oregonstate.edu/courses/2080857/assignments/10586046?module_item_id=26982653#,Mini-Exam 1 - Retake,assignment,10586046,2,,,raw_html/00444-mth-252-linked-detail-mini-exam-1-retake.html,text/00444-mth-252-linked-detail-mini-exam-1-retake.txt,text/00444-mth-252-linked-detail-mini-exam-1-retake.fulltext.txt,markdown/00444-mth-252-linked-detail-mini-exam-1-retake.md,,metadata/00444-mth-252-linked-detail-mini-exam-1-retake.json,ac10c994948113cc7129a7c3188242d97c694cdbac82a8932bf4a2b14966e8fc,44a6b42b19657cad0bc5810eaa96a09585575d85ad18b8564911af68b22b86a0,2026-07-18T06:31:41.652Z,2,54,2,0,0,0
00445-mth-252-linked-detail-me2-retake-template-pdf-integral-calculus-mth-252z-400-u2026,2080857,MTH-252,linked_detail,linked_detail,https://canvas.oregonstate.edu/courses/2080857/files/119223455?wrap=1,https://canvas.oregonstate.edu/courses/2080857/files/119223455?wrap=1,ME2-Retake-Template.pdf: INTEGRAL CALCULUS (MTH_252Z_400_U2026),file,119223455,2,,,raw_html/00445-mth-252-linked-detail-me2-retake-template-pdf-integral-calculus-mth-252z-400-u2026.html,text/00445-mth-252-linked-detail-me2-retake-template-pdf-integral-calculus-mth-252z-400-u2026.txt,text/00445-mth-252-linked-detail-me2-retake-template-pdf-integral-calculus-mth-252z-400-u2026.fulltext.txt,markdown/00445-mth-252-linked-detail-me2-retake-template-pdf-integral-calculus-mth-252z-400-u2026.md,,metadata/00445-mth-252-linked-detail-me2-retake-template-pdf-integral-calculus-mth-252z-400-u2026.json,1cc5f0752e71f079656616fa1f29c37511d4baa5da535a29ae486de2ca778b34,66319d2ef6e145801f2d53dedf74425dfdf1b85d05ea53b1232966cb0ef76886,2026-07-18T06:31:44.646Z,1,29,3,0,0,0
00446-mth-252-linked-detail-mini-exam-2-retake,2080857,MTH-252,linked_detail,linked_detail,https://canvas.oregonstate.edu/courses/2080857/assignments/10586047?module_item_id=26982654#,https://canvas.oregonstate.edu/courses/2080857/assignments/10586047?module_item_id=26982654#,Mini-Exam 2 - Retake,assignment,10586047,2,,yes,raw_html/00446-mth-252-linked-detail-mini-exam-2-retake.html,text/00446-mth-252-linked-detail-mini-exam-2-retake.txt,text/00446-mth-252-linked-detail-mini-exam-2-retake.fulltext.txt,markdown/00446-mth-252-linked-detail-mini-exam-2-retake.md,,metadata/00446-mth-252-linked-detail-mini-exam-2-retake.json,283435cba3ca3940c2ea946aa3532e3ef13bded36ecfead8cc671ab6f373a646,cfde941c071d48add487dcb063ae2400e53c4fb13a01fbc9307ed130234a9e18,2026-07-18T06:31:47.554Z,9,65,2,0,0,0
00447-mth-252-linked-detail-me3-retake-template-pdf-integral-calculus-mth-252z-400-u2026,2080857,MTH-252,linked_detail,linked_detail,https://canvas.oregonstate.edu/courses/2080857/files/119223623?wrap=1,https://canvas.oregonstate.edu/courses/2080857/files/119223623?wrap=1,ME3-Retake-Template.pdf: INTEGRAL CALCULUS (MTH_252Z_400_U2026),file,119223623,2,,,raw_html/00447-mth-252-linked-detail-me3-retake-template-pdf-integral-calculus-mth-252z-400-u2026.html,text/00447-mth-252-linked-detail-me3-retake-template-pdf-integral-calculus-mth-252z-400-u2026.txt,text/00447-mth-252-linked-detail-me3-retake-template-pdf-integral-calculus-mth-252z-400-u2026.fulltext.txt,markdown/00447-mth-252-linked-detail-me3-retake-template-pdf-integral-calculus-mth-252z-400-u2026.md,,metadata/00447-mth-252-linked-detail-me3-retake-template-pdf-integral-calculus-mth-252z-400-u2026.json,e8a32463ff6771be1c47de760a6be0168b2db584554f35bc761b2b4c3c579b3e,ef1f4c9a776cdc52514a93d5d632fb8bc3968011f500a26431858f4eb131a271,2026-07-18T06:31:50.382Z,1,29,3,0,0,0
00448-mth-252-linked-detail-mini-exam-3-retake,2080857,MTH-252,linked_detail,linked_detail,https://canvas.oregonstate.edu/courses/2080857/assignments/10586049?module_item_id=26982655#,https://canvas.oregonstate.edu/courses/2080857/assignments/10586049?module_item_id=26982655#,Mini-Exam 3 - Retake,assignment,10586049,2,,yes,raw_html/00448-mth-252-linked-detail-mini-exam-3-retake.html,text/00448-mth-252-linked-detail-mini-exam-3-retake.txt,text/00448-mth-252-linked-detail-mini-exam-3-retake.fulltext.txt,markdown/00448-mth-252-linked-detail-mini-exam-3-retake.md,,metadata/00448-mth-252-linked-detail-mini-exam-3-retake.json,afb84a0bb83fc747ed13d857550874a8f7bd43f86a97c3ee6c659d19ca76dd1f,c83c87d8ead897c27556374962a18a07ca4a08fd35f6f9327b71939a7fe21c25,2026-07-18T06:31:53.151Z,9,55,2,0,0,0
00449-mth-252-linked-detail-me4-retake-template-pdf-integral-calculus-mth-252z-400-u2026,2080857,MTH-252,linked_detail,linked_detail,https://canvas.oregonstate.edu/courses/2080857/files/119223452?wrap=1,https://canvas.oregonstate.edu/courses/2080857/files/119223452?wrap=1,ME4-Retake-Template.pdf: INTEGRAL CALCULUS (MTH_252Z_400_U2026),file,119223452,2,,,raw_html/00449-mth-252-linked-detail-me4-retake-template-pdf-integral-calculus-mth-252z-400-u2026.html,text/00449-mth-252-linked-detail-me4-retake-template-pdf-integral-calculus-mth-252z-400-u2026.txt,text/00449-mth-252-linked-detail-me4-retake-template-pdf-integral-calculus-mth-252z-400-u2026.fulltext.txt,markdown/00449-mth-252-linked-detail-me4-retake-template-pdf-integral-calculus-mth-252z-400-u2026.md,,metadata/00449-mth-252-linked-detail-me4-retake-template-pdf-integral-calculus-mth-252z-400-u2026.json,20b97035bf392ae376ae58d27c30a24e7d85429bdf8d0122abafbd742629cb88,26357ab4680aee17b589b19f7120611eb97eed7f7ac7ca14b70db39c417f3e37,2026-07-18T06:31:56.629Z,1,28,3,0,0,0
00450-mth-252-linked-detail-mini-exam-4-retake,2080857,MTH-252,linked_detail,linked_detail,https://canvas.oregonstate.edu/courses/2080857/assignments/10586051?module_item_id=26982656#,https://canvas.oregonstate.edu/courses/2080857/assignments/10586051?module_item_id=26982656#,Mini-Exam 4 - Retake,assignment,10586051,2,,yes,raw_html/00450-mth-252-linked-detail-mini-exam-4-retake.html,text/00450-mth-252-linked-detail-mini-exam-4-retake.txt,text/00450-mth-252-linked-detail-mini-exam-4-retake.fulltext.txt,markdown/00450-mth-252-linked-detail-mini-exam-4-retake.md,,metadata/00450-mth-252-linked-detail-mini-exam-4-retake.json,b2adf3651c2413feba39dca18769f4eedfdc5c81cd6734f4429fa5f07e596268,ffe7c61d2bf70e0ac4e6859a3c9b4ac9703c099696a61e00b9bc3ab1803b46c3,2026-07-18T06:32:01.103Z,9,55,2,0,0,0
00451-mth-252-linked-detail-indefinite-integral-trig-times-linear,2080857,MTH-252,linked_detail,linked_detail,https://canvas.oregonstate.edu/courses/2080857/modules/items/26982729,https://canvas.oregonstate.edu/courses/2080857/modules/items/26982729,Indefinite integral: Trig times linear,module_item,26982729,2,,,raw_html/00451-mth-252-linked-detail-indefinite-integral-trig-times-linear.html,text/00451-mth-252-linked-detail-indefinite-integral-trig-times-linear.txt,text/00451-mth-252-linked-detail-indefinite-integral-trig-times-linear.fulltext.txt,markdown/00451-mth-252-linked-detail-indefinite-integral-trig-times-linear.md,,metadata/00451-mth-252-linked-detail-indefinite-integral-trig-times-linear.json,18afc84b6b8b32254ced4554df763f8e5038f2146c3b9ad554c7916500618e4c,dbb14e13ce2b4ed43975fd13d4700e980d91b50262b3fcab45007ca144f03018,2026-07-18T06:32:03.512Z,1,28,2,0,0,0
00452-mth-252-linked-detail-indefinite-integral-exponential-and-trig-ibp-twice-and-solve,2080857,MTH-252,linked_detail,linked_detail,https://canvas.oregonstate.edu/courses/2080857/modules/items/26982731,https://canvas.oregonstate.edu/courses/2080857/modules/items/26982731,"Indefinite integral: Exponential and trig, IBP twice and solve",module_item,26982731,2,,,raw_html/00452-mth-252-linked-detail-indefinite-integral-exponential-and-trig-ibp-twice-and-solve.html,text/00452-mth-252-linked-detail-indefinite-integral-exponential-and-trig-ibp-twice-and-solve.txt,text/00452-mth-252-linked-detail-indefinite-integral-exponential-and-trig-ibp-twice-and-solve.fulltext.txt,markdown/00452-mth-252-linked-detail-indefinite-integral-exponential-and-trig-ibp-twice-and-solve.md,,metadata/00452-mth-252-linked-detail-indefinite-integral-exponential-and-trig-ibp-twice-and-solve.json,3e447039c80aca4b826a15a56c46fab40c64e3a90a635d375462f5bb0b87b7d3,d587ae626ed4c45200b3e34ef60247e75a38d98d330227f670d372a17f3b9979,2026-07-18T06:32:06.057Z,1,30,2,0,0,0
00453-mth-253-linked-detail-start-here-syllabus-sequences-and-series-mth-253z-400-u2026,2053263,MTH-253,linked_detail,linked_detail,https://canvas.oregonstate.edu/courses/2053263/pages/start-here-syllabus?module_item_id=26885520#,https://canvas.oregonstate.edu/courses/2053263/pages/start-here-syllabus?module_item_id=26885520#,Start Here - Syllabus: SEQUENCES AND SERIES (MTH_253Z_400_U2026),page,start-here-syllabus,2,,,raw_html/00453-mth-253-linked-detail-start-here-syllabus-sequences-and-series-mth-253z-400-u2026.html,text/00453-mth-253-linked-detail-start-here-syllabus-sequences-and-series-mth-253z-400-u2026.txt,text/00453-mth-253-linked-detail-start-here-syllabus-sequences-and-series-mth-253z-400-u2026.fulltext.txt,markdown/00453-mth-253-linked-detail-start-here-syllabus-sequences-and-series-mth-253z-400-u2026.md,,metadata/00453-mth-253-linked-detail-start-here-syllabus-sequences-and-series-mth-253z-400-u2026.json,a2108f93f2dde03c7adbd2762ecb8d677f37e5a040122a23f3e12f59adc798cc,5554423d045e7a7b0e50ddb0a9d79146744baec9389627aa0babf3622a0a9554,2026-07-18T06:32:08.552Z,1,35,2,0,0,0
00454-mth-253-linked-detail-mth-253-weekly-schedule-docx-sequences-and-series-mth-253z-400-u2026,2053263,MTH-253,linked_detail,linked_detail,https://canvas.oregonstate.edu/courses/2053263/files/118558899?wrap=1,https://canvas.oregonstate.edu/courses/2053263/files/118558899?wrap=1,MTH 253 Weekly Schedule.docx: SEQUENCES AND SERIES (MTH_253Z_400_U2026),file,118558899,2,,,raw_html/00454-mth-253-linked-detail-mth-253-weekly-schedule-docx-sequences-and-series-mth-253z-400-u2026.html,text/00454-mth-253-linked-detail-mth-253-weekly-schedule-docx-sequences-and-series-mth-253z-400-u2026.txt,text/00454-mth-253-linked-detail-mth-253-weekly-schedule-docx-sequences-and-series-mth-253z-400-u2026.fulltext.txt,markdown/00454-mth-253-linked-detail-mth-253-weekly-schedule-docx-sequences-and-series-mth-253z-400-u2026.md,,metadata/00454-mth-253-linked-detail-mth-253-weekly-schedule-docx-sequences-and-series-mth-253z-400-u2026.json,e8d81df4e2be4e58c11bbf9ae41629aa523edaed57bf617f6d471b40f5c4cc9c,bb941fa6ca5d440a2fd8774ce5d0ebdac43cbc7343c31df066712a19f8547d79,2026-07-18T06:32:10.777Z,1,32,3,0,0,0
00455-mth-253-linked-detail-practice-quiz-take-it-before-attempting-quiz-1-sequences-and-series-mth-253z-400-u2026,2053263,MTH-253,linked_detail,linked_detail,https://canvas.oregonstate.edu/courses/2053263/quizzes/3166971/take?user_id=6660414,https://canvas.oregonstate.edu/courses/2053263/quizzes/3166971/take?user_id=6660414,Practice Quiz (take it before attempting Quiz 1!): SEQUENCES AND SERIES (MTH_253Z_400_U2026),quiz,3166971,2,,,raw_html/00455-mth-253-linked-detail-practice-quiz-take-it-before-attempting-quiz-1-sequences-and-series-mth-253z-400-u2026.html,text/00455-mth-253-linked-detail-practice-quiz-take-it-before-attempting-quiz-1-sequences-and-series-mth-253z-400-u2026.txt,text/00455-mth-253-linked-detail-practice-quiz-take-it-before-attempting-quiz-1-sequences-and-series-mth-253z-400-u2026.fulltext.txt,markdown/00455-mth-253-linked-detail-practice-quiz-take-it-before-attempting-quiz-1-sequences-and-series-mth-253z-400-u2026.md,,metadata/00455-mth-253-linked-detail-practice-quiz-take-it-before-attempting-quiz-1-sequences-and-series-mth-253z-400-u2026.json,e8a471a74fc406560b0a501f7ed31ac7357263be97ece8bad51f12b85d2a735f,2d48b039bb1c63613ec733fa9bf9f5fdc8a92a68ed470a38f597680c10c81de8,2026-07-18T06:32:14.262Z,5,41,2,0,0,0
00456-mth-253-linked-detail-practice-quiz-take-it-before-attempting-quiz-1-sequences-and-series-mth-253z-400-u2026,2053263,MTH-253,linked_detail,linked_detail,https://canvas.oregonstate.edu/courses/2053263/quizzes/3166971?module_item_id=26982050#,https://canvas.oregonstate.edu/courses/2053263/quizzes/3166971?module_item_id=26982050#,Practice Quiz (take it before attempting Quiz 1!): SEQUENCES AND SERIES (MTH_253Z_400_U2026),quiz,3166971,2,,,raw_html/00456-mth-253-linked-detail-practice-quiz-take-it-before-attempting-quiz-1-sequences-and-series-mth-253z-400-u2026.html,text/00456-mth-253-linked-detail-practice-quiz-take-it-before-attempting-quiz-1-sequences-and-series-mth-253z-400-u2026.txt,text/00456-mth-253-linked-detail-practice-quiz-take-it-before-attempting-quiz-1-sequences-and-series-mth-253z-400-u2026.fulltext.txt,markdown/00456-mth-253-linked-detail-practice-quiz-take-it-before-attempting-quiz-1-sequences-and-series-mth-253z-400-u2026.md,,metadata/00456-mth-253-linked-detail-practice-quiz-take-it-before-attempting-quiz-1-sequences-and-series-mth-253z-400-u2026.json,a3de0f6ff8980e3234da1c4752ecc9385f3b859da249a8e5ede5c6fde7985646,49f664b940b0859de7111af4967691da4e410eb48f6113d8384370c4c6f89e8e,2026-07-18T06:32:17.203Z,6,44,2,0,0,0
00457-mth-253-linked-detail-unauthorized,2053263,MTH-253,linked_detail,linked_detail,https://canvas.oregonstate.edu/courses/2053263/quizzes/3166971/questions/59149565,https://canvas.oregonstate.edu/courses/2053263/quizzes/3166971/questions/59149565,Unauthorized,quiz,3166971,2,,,raw_html/00457-mth-253-linked-detail-unauthorized.html,text/00457-mth-253-linked-detail-unauthorized.txt,text/00457-mth-253-linked-detail-unauthorized.fulltext.txt,markdown/00457-mth-253-linked-detail-unauthorized.md,,metadata/00457-mth-253-linked-detail-unauthorized.json,4a961884baaf35b9cd757fa95ae30cf65b6d0fc2d5a082ed993b0445fc0aa844,2b62e20d47d477eacda81c2beef0dbb06e7f4e1a1021b68e5f70be2917f36f5b,2026-07-18T06:32:19.648Z,1,13,2,0,0,0
00458-mth-253-linked-detail-unauthorized,2053263,MTH-253,linked_detail,linked_detail,https://canvas.oregonstate.edu/courses/2053263/quizzes/3166971/questions/59149944,https://canvas.oregonstate.edu/courses/2053263/quizzes/3166971/questions/59149944,Unauthorized,quiz,3166971,2,,,raw_html/00458-mth-253-linked-detail-unauthorized.html,text/00458-mth-253-linked-detail-unauthorized.txt,text/00458-mth-253-linked-detail-unauthorized.fulltext.txt,markdown/00458-mth-253-linked-detail-unauthorized.md,,metadata/00458-mth-253-linked-detail-unauthorized.json,b03848f9779aa8e4c5dbb7ac551f88f42c868f261f11fcba30f0f1a142d75179,2b62e20d47d477eacda81c2beef0dbb06e7f4e1a1021b68e5f70be2917f36f5b,2026-07-18T06:32:21.758Z,1,13,2,0,0,0
00459-mth-253-linked-detail-evaluating-limits-pdf-sequences-and-series-mth-253z-400-u2026,2053263,MTH-253,linked_detail,linked_detail,https://canvas.oregonstate.edu/courses/2053263/files/118558936?wrap=1,https://canvas.oregonstate.edu/courses/2053263/files/118558936?wrap=1,Evaluating Limits.pdf: SEQUENCES AND SERIES (MTH_253Z_400_U2026),file,118558936,2,,,raw_html/00459-mth-253-linked-detail-evaluating-limits-pdf-sequences-and-series-mth-253z-400-u2026.html,text/00459-mth-253-linked-detail-evaluating-limits-pdf-sequences-and-series-mth-253z-400-u2026.txt,text/00459-mth-253-linked-detail-evaluating-limits-pdf-sequences-and-series-mth-253z-400-u2026.fulltext.txt,markdown/00459-mth-253-linked-detail-evaluating-limits-pdf-sequences-and-series-mth-253z-400-u2026.md,,metadata/00459-mth-253-linked-detail-evaluating-limits-pdf-sequences-and-series-mth-253z-400-u2026.json,a3565d5070866d31863cc5a6bd682e426017e3f0b48913dd35c7191ba216c88d,6cdec3846e668ab38005c588e0d0287f555f365c2a46b4e810457090d564658f,2026-07-18T06:32:24.062Z,1,32,3,0,0,0
00460-mth-253-linked-detail-infinite-limits-pdf-sequences-and-series-mth-253z-400-u2026,2053263,MTH-253,linked_detail,linked_detail,https://canvas.oregonstate.edu/courses/2053263/files/118558848?wrap=1,https://canvas.oregonstate.edu/courses/2053263/files/118558848?wrap=1,Infinite Limits.pdf: SEQUENCES AND SERIES (MTH_253Z_400_U2026),file,118558848,2,,,raw_html/00460-mth-253-linked-detail-infinite-limits-pdf-sequences-and-series-mth-253z-400-u2026.html,text/00460-mth-253-linked-detail-infinite-limits-pdf-sequences-and-series-mth-253z-400-u2026.txt,text/00460-mth-253-linked-detail-infinite-limits-pdf-sequences-and-series-mth-253z-400-u2026.fulltext.txt,markdown/00460-mth-253-linked-detail-infinite-limits-pdf-sequences-and-series-mth-253z-400-u2026.md,,metadata/00460-mth-253-linked-detail-infinite-limits-pdf-sequences-and-series-mth-253z-400-u2026.json,196b07f0ede70edaa93fe2b992e4fb12bfd70f875bad74a4c743c8c4ceb2deb2,d5aea60049e23187d24285243b07fb8dcec75694406d949474e1417edebabb65,2026-07-18T06:32:27.050Z,1,32,3,0,0,0
00461-mth-253-linked-detail-l-hospital-s-rule-pdf-sequences-and-series-mth-253z-400-u2026,2053263,MTH-253,linked_detail,linked_detail,https://canvas.oregonstate.edu/courses/2053263/files/118558879?wrap=1,https://canvas.oregonstate.edu/courses/2053263/files/118558879?wrap=1,L'Hospital's Rule.pdf: SEQUENCES AND SERIES (MTH_253Z_400_U2026),file,118558879,2,,,raw_html/00461-mth-253-linked-detail-l-hospital-s-rule-pdf-sequences-and-series-mth-253z-400-u2026.html,text/00461-mth-253-linked-detail-l-hospital-s-rule-pdf-sequences-and-series-mth-253z-400-u2026.txt,text/00461-mth-253-linked-detail-l-hospital-s-rule-pdf-sequences-and-series-mth-253z-400-u2026.fulltext.txt,markdown/00461-mth-253-linked-detail-l-hospital-s-rule-pdf-sequences-and-series-mth-253z-400-u2026.md,,metadata/00461-mth-253-linked-detail-l-hospital-s-rule-pdf-sequences-and-series-mth-253z-400-u2026.json,f7d6036a34eb2b7e40fcb718e982e2b549c8e820f93b46c268cf4bbff912b99f,8e11058271cd517bb5833627bddb22c26940a475e8cdf2e632331cf6f1da1025,2026-07-18T06:32:29.701Z,1,32,3,0,0,0
00462-mth-253-linked-detail-improper-integrals-pdf-sequences-and-series-mth-253z-400-u2026,2053263,MTH-253,linked_detail,linked_detail,https://canvas.oregonstate.edu/courses/2053263/files/118558963?wrap=1,https://canvas.oregonstate.edu/courses/2053263/files/118558963?wrap=1,Improper Integrals.pdf: SEQUENCES AND SERIES (MTH_253Z_400_U2026),file,118558963,2,,,raw_html/00462-mth-253-linked-detail-improper-integrals-pdf-sequences-and-series-mth-253z-400-u2026.html,text/00462-mth-253-linked-detail-improper-integrals-pdf-sequences-and-series-mth-253z-400-u2026.txt,text/00462-mth-253-linked-detail-improper-integrals-pdf-sequences-and-series-mth-253z-400-u2026.fulltext.txt,markdown/00462-mth-253-linked-detail-improper-integrals-pdf-sequences-and-series-mth-253z-400-u2026.md,,metadata/00462-mth-253-linked-detail-improper-integrals-pdf-sequences-and-series-mth-253z-400-u2026.json,b7dc0259db72d8a58bc8068c55c10c6945754d49a06e38f484108e53e9a839e8,87c5a94ab68227c2bbd06dc2ae40756486913445f7491510cda4709d4462cf22,2026-07-18T06:32:32.200Z,1,32,3,0,0,0
00463-mth-253-linked-detail-unit-1-written-homework-pdf-sequences-and-series-mth-253z-400-u2026,2053263,MTH-253,linked_detail,linked_detail,https://canvas.oregonstate.edu/courses/2053263/files/118558797?wrap=1,https://canvas.oregonstate.edu/courses/2053263/files/118558797?wrap=1,Unit #1 Written Homework.pdf: SEQUENCES AND SERIES (MTH_253Z_400_U2026),file,118558797,2,,,raw_html/00463-mth-253-linked-detail-unit-1-written-homework-pdf-sequences-and-series-mth-253z-400-u2026.html,text/00463-mth-253-linked-detail-unit-1-written-homework-pdf-sequences-and-series-mth-253z-400-u2026.txt,text/00463-mth-253-linked-detail-unit-1-written-homework-pdf-sequences-and-series-mth-253z-400-u2026.fulltext.txt,markdown/00463-mth-253-linked-detail-unit-1-written-homework-pdf-sequences-and-series-mth-253z-400-u2026.md,,metadata/00463-mth-253-linked-detail-unit-1-written-homework-pdf-sequences-and-series-mth-253z-400-u2026.json,c11df5011fa308af9104995bbf015e2923fd5e731bb23940bd19342bdec098d2,1baf0b20c900fe9a6bf79b553c9c25131be90468e1eb8cdecf1b090517082ddc,2026-07-18T06:32:34.799Z,1,32,3,0,0,0
00464-mth-253-linked-detail-unit-1-written-homework-assignment,2053263,MTH-253,linked_detail,linked_detail,https://canvas.oregonstate.edu/courses/2053263/assignments/10553179?module_item_id=26885537#,https://canvas.oregonstate.edu/courses/2053263/assignments/10553179?module_item_id=26885537#,Unit 1 - Written Homework Assignment,assignment,10553179,2,,,raw_html/00464-mth-253-linked-detail-unit-1-written-homework-assignment.html,text/00464-mth-253-linked-detail-unit-1-written-homework-assignment.txt,text/00464-mth-253-linked-detail-unit-1-written-homework-assignment.fulltext.txt,markdown/00464-mth-253-linked-detail-unit-1-written-homework-assignment.md,,metadata/00464-mth-253-linked-detail-unit-1-written-homework-assignment.json,33eaa2744962ea8a4b1e840c0f681d2e0d4af3bb442a214f04363cd049728a47,eb378b23385f3656f48daf46ef81ec71e98f5e579a5fabefd705f4713033111c,2026-07-18T06:32:37.704Z,6,58,2,0,0,0
00465-mth-253-linked-detail-week-1-web-homework-infinity-and-limits-indeterminates-improper-integrals,2053263,MTH-253,linked_detail,linked_detail,https://canvas.oregonstate.edu/courses/2053263/assignments/10584258?module_item_id=26977416#,https://canvas.oregonstate.edu/courses/2053263/assignments/10584258?module_item_id=26977416#,"Week 1 Web Homework: Infinity and Limits, Indeterminates, Improper Integrals",assignment,10584258,2,,yes,raw_html/00465-mth-253-linked-detail-week-1-web-homework-infinity-and-limits-indeterminates-improper-integrals.html,text/00465-mth-253-linked-detail-week-1-web-homework-infinity-and-limits-indeterminates-improper-integrals.txt,text/00465-mth-253-linked-detail-week-1-web-homework-infinity-and-limits-indeterminates-improper-integrals.fulltext.txt,markdown/00465-mth-253-linked-detail-week-1-web-homework-infinity-and-limits-indeterminates-improper-integrals.md,,metadata/00465-mth-253-linked-detail-week-1-web-homework-infinity-and-limits-indeterminates-improper-integrals.json,b8ff1c48857c25087064de673950548639dde0b253734f49a200f0783e9656ca,18568aeb84314d9f6ea942c0e82f2c9add730254fe460b439aca39dc50855ce7,2026-07-18T06:32:41.432Z,2,56,2,0,0,0
00466-mth-253-linked-detail-sequences-pdf-sequences-and-series-mth-253z-400-u2026,2053263,MTH-253,linked_detail,linked_detail,https://canvas.oregonstate.edu/courses/2053263/files/118558743?wrap=1,https://canvas.oregonstate.edu/courses/2053263/files/118558743?wrap=1,Sequences.pdf: SEQUENCES AND SERIES (MTH_253Z_400_U2026),file,118558743,2,,,raw_html/00466-mth-253-linked-detail-sequences-pdf-sequences-and-series-mth-253z-400-u2026.html,text/00466-mth-253-linked-detail-sequences-pdf-sequences-and-series-mth-253z-400-u2026.txt,text/00466-mth-253-linked-detail-sequences-pdf-sequences-and-series-mth-253z-400-u2026.fulltext.txt,markdown/00466-mth-253-linked-detail-sequences-pdf-sequences-and-series-mth-253z-400-u2026.md,,metadata/00466-mth-253-linked-detail-sequences-pdf-sequences-and-series-mth-253z-400-u2026.json,7db39c97f087b15fc1f7c4ba5d68583c17b147440a6732befcaf76e4027eb30f,66c4647b8414eaf000db1f53737d0f97d32e8358cebda9d2a01cba677dec6904,2026-07-18T06:32:50.854Z,1,32,3,0,0,0
00467-mth-253-linked-detail-recursive-sequences-pdf-sequences-and-series-mth-253z-400-u2026,2053263,MTH-253,linked_detail,linked_detail,https://canvas.oregonstate.edu/courses/2053263/files/118558950?wrap=1,https://canvas.oregonstate.edu/courses/2053263/files/118558950?wrap=1,Recursive Sequences.pdf: SEQUENCES AND SERIES (MTH_253Z_400_U2026),file,118558950,2,,,raw_html/00467-mth-253-linked-detail-recursive-sequences-pdf-sequences-and-series-mth-253z-400-u2026.html,text/00467-mth-253-linked-detail-recursive-sequences-pdf-sequences-and-series-mth-253z-400-u2026.txt,text/00467-mth-253-linked-detail-recursive-sequences-pdf-sequences-and-series-mth-253z-400-u2026.fulltext.txt,markdown/00467-mth-253-linked-detail-recursive-sequences-pdf-sequences-and-series-mth-253z-400-u2026.md,,metadata/00467-mth-253-linked-detail-recursive-sequences-pdf-sequences-and-series-mth-253z-400-u2026.json,602f37e83971c68e762bf1902d3cfd43fd7eb01aaf7ab56e8f246edb1bee2e84,96382d5273bc4605782dae06130498566ab61f5f7320763393f37d0d356f36bf,2026-07-18T06:32:54.744Z,1,32,3,0,0,0
00468-mth-253-linked-detail-convergence-or-divergence-of-a-sequence-pdf-sequences-and-series-mth-253z-400-u2026,2053263,MTH-253,linked_detail,linked_detail,https://canvas.oregonstate.edu/courses/2053263/files/118558844?wrap=1,https://canvas.oregonstate.edu/courses/2053263/files/118558844?wrap=1,Convergence or Divergence of a Sequence.pdf: SEQUENCES AND SERIES (MTH_253Z_400_U2026),file,118558844,2,,,raw_html/00468-mth-253-linked-detail-convergence-or-divergence-of-a-sequence-pdf-sequences-and-series-mth-253z-400-u2026.html,text/00468-mth-253-linked-detail-convergence-or-divergence-of-a-sequence-pdf-sequences-and-series-mth-253z-400-u2026.txt,text/00468-mth-253-linked-detail-convergence-or-divergence-of-a-sequence-pdf-sequences-and-series-mth-253z-400-u2026.fulltext.txt,markdown/00468-mth-253-linked-detail-convergence-or-divergence-of-a-sequence-pdf-sequences-and-series-mth-253z-400-u2026.md,,metadata/00468-mth-253-linked-detail-convergence-or-divergence-of-a-sequence-pdf-sequences-and-series-mth-253z-400-u2026.json,a433bed810b9c13b885d345f226c81154ab0d08994215678d8891559f712c0aa,9e9d8fefd38aa26e394dcd0092c47290e7c6afeaeaae895f8f5f3dfbd1b1b2f5,2026-07-18T06:32:57.881Z,1,32,3,0,0,0
00469-mth-253-linked-detail-geometric-sequences-pdf-sequences-and-series-mth-253z-400-u2026,2053263,MTH-253,linked_detail,linked_detail,https://canvas.oregonstate.edu/courses/2053263/files/118558915?wrap=1,https://canvas.oregonstate.edu/courses/2053263/files/118558915?wrap=1,Geometric Sequences.pdf: SEQUENCES AND SERIES (MTH_253Z_400_U2026),file,118558915,2,,,raw_html/00469-mth-253-linked-detail-geometric-sequences-pdf-sequences-and-series-mth-253z-400-u2026.html,text/00469-mth-253-linked-detail-geometric-sequences-pdf-sequences-and-series-mth-253z-400-u2026.txt,text/00469-mth-253-linked-detail-geometric-sequences-pdf-sequences-and-series-mth-253z-400-u2026.fulltext.txt,markdown/00469-mth-253-linked-detail-geometric-sequences-pdf-sequences-and-series-mth-253z-400-u2026.md,,metadata/00469-mth-253-linked-detail-geometric-sequences-pdf-sequences-and-series-mth-253z-400-u2026.json,03dd333911a87b1165f049c720dcd866c6a75217094cd8c0b6008ce209e58b3b,af5cfa04885242605f56ec78d6f737c2220c036a6c68fe1ecbc1f1a7e5cb3b0b,2026-07-18T06:33:00.900Z,1,32,3,0,0,0
00470-mth-253-linked-detail-introduction-to-series-pdf-sequences-and-series-mth-253z-400-u2026,2053263,MTH-253,linked_detail,linked_detail,https://canvas.oregonstate.edu/courses/2053263/files/118558827?wrap=1,https://canvas.oregonstate.edu/courses/2053263/files/118558827?wrap=1,Introduction to Series.pdf: SEQUENCES AND SERIES (MTH_253Z_400_U2026),file,118558827,2,,,raw_html/00470-mth-253-linked-detail-introduction-to-series-pdf-sequences-and-series-mth-253z-400-u2026.html,text/00470-mth-253-linked-detail-introduction-to-series-pdf-sequences-and-series-mth-253z-400-u2026.txt,text/00470-mth-253-linked-detail-introduction-to-series-pdf-sequences-and-series-mth-253z-400-u2026.fulltext.txt,markdown/00470-mth-253-linked-detail-introduction-to-series-pdf-sequences-and-series-mth-253z-400-u2026.md,,metadata/00470-mth-253-linked-detail-introduction-to-series-pdf-sequences-and-series-mth-253z-400-u2026.json,6a885ca44664c04c7b8e818668f69b44de0235329f14472b5a50764228c48607,d1d1535f514dad0c73ca34d04fa4e97dc2f31d6a8a77d0362e598144179d44cf,2026-07-18T06:33:03.552Z,1,32,3,0,0,0
00471-mth-253-linked-detail-partial-sums-pdf-sequences-and-series-mth-253z-400-u2026,2053263,MTH-253,linked_detail,linked_detail,https://canvas.oregonstate.edu/courses/2053263/files/118558808?wrap=1,https://canvas.oregonstate.edu/courses/2053263/files/118558808?wrap=1,Partial Sums.pdf: SEQUENCES AND SERIES (MTH_253Z_400_U2026),file,118558808,2,,,raw_html/00471-mth-253-linked-detail-partial-sums-pdf-sequences-and-series-mth-253z-400-u2026.html,text/00471-mth-253-linked-detail-partial-sums-pdf-sequences-and-series-mth-253z-400-u2026.txt,text/00471-mth-253-linked-detail-partial-sums-pdf-sequences-and-series-mth-253z-400-u2026.fulltext.txt,markdown/00471-mth-253-linked-detail-partial-sums-pdf-sequences-and-series-mth-253z-400-u2026.md,,metadata/00471-mth-253-linked-detail-partial-sums-pdf-sequences-and-series-mth-253z-400-u2026.json,4078b2c9f525467c9120a93f37f525e4b51850cd48a0cc98cd65e6340c4159d7,3fcc4afefa2670ac9ea1d50bcaccd121f61941bdc4729f538803903a9ce6bf8a,2026-07-18T06:33:06.032Z,1,32,3,0,0,0
00472-mth-253-linked-detail-geometric-series-pdf-sequences-and-series-mth-253z-400-u2026,2053263,MTH-253,linked_detail,linked_detail,https://canvas.oregonstate.edu/courses/2053263/files/118558770?wrap=1,https://canvas.oregonstate.edu/courses/2053263/files/118558770?wrap=1,Geometric Series.pdf: SEQUENCES AND SERIES (MTH_253Z_400_U2026),file,118558770,2,,,raw_html/00472-mth-253-linked-detail-geometric-series-pdf-sequences-and-series-mth-253z-400-u2026.html,text/00472-mth-253-linked-detail-geometric-series-pdf-sequences-and-series-mth-253z-400-u2026.txt,text/00472-mth-253-linked-detail-geometric-series-pdf-sequences-and-series-mth-253z-400-u2026.fulltext.txt,markdown/00472-mth-253-linked-detail-geometric-series-pdf-sequences-and-series-mth-253z-400-u2026.md,,metadata/00472-mth-253-linked-detail-geometric-series-pdf-sequences-and-series-mth-253z-400-u2026.json,6ef103c0d94550ce371a495f5e525c2201e63328c9150c133befef01a8b5bb42,27dfeba39fc4130122066c0f073a56a6c4132a4580e259862a5e8594ed6f0c82,2026-07-18T06:33:09.149Z,1,32,3,0,0,0
00473-mth-253-linked-detail-repeating-decimals-and-geometric-series-pdf-sequences-and-series-mth-253z-400-u2026,2053263,MTH-253,linked_detail,linked_detail,https://canvas.oregonstate.edu/courses/2053263/files/118558809?wrap=1,https://canvas.oregonstate.edu/courses/2053263/files/118558809?wrap=1,Repeating Decimals and Geometric Series.pdf: SEQUENCES AND SERIES (MTH_253Z_400_U2026),file,118558809,2,,,raw_html/00473-mth-253-linked-detail-repeating-decimals-and-geometric-series-pdf-sequences-and-series-mth-253z-400-u2026.html,text/00473-mth-253-linked-detail-repeating-decimals-and-geometric-series-pdf-sequences-and-series-mth-253z-400-u2026.txt,text/00473-mth-253-linked-detail-repeating-decimals-and-geometric-series-pdf-sequences-and-series-mth-253z-400-u2026.fulltext.txt,markdown/00473-mth-253-linked-detail-repeating-decimals-and-geometric-series-pdf-sequences-and-series-mth-253z-400-u2026.md,,metadata/00473-mth-253-linked-detail-repeating-decimals-and-geometric-series-pdf-sequences-and-series-mth-253z-400-u2026.json,5244f81c72998e2935d681c17ba5c16a5860fdf45b5df949b4080f171d884fa3,5f2952f87729691977eeb9c33598d905c8d17e8078b30276f830bbd994630aa3,2026-07-18T06:33:11.903Z,1,32,3,0,0,0
00474-mth-253-linked-detail-telescoping-series-pdf-sequences-and-series-mth-253z-400-u2026,2053263,MTH-253,linked_detail,linked_detail,https://canvas.oregonstate.edu/courses/2053263/files/118558919?wrap=1,https://canvas.oregonstate.edu/courses/2053263/files/118558919?wrap=1,Telescoping Series.pdf: SEQUENCES AND SERIES (MTH_253Z_400_U2026),file,118558919,2,,,raw_html/00474-mth-253-linked-detail-telescoping-series-pdf-sequences-and-series-mth-253z-400-u2026.html,text/00474-mth-253-linked-detail-telescoping-series-pdf-sequences-and-series-mth-253z-400-u2026.txt,text/00474-mth-253-linked-detail-telescoping-series-pdf-sequences-and-series-mth-253z-400-u2026.fulltext.txt,markdown/00474-mth-253-linked-detail-telescoping-series-pdf-sequences-and-series-mth-253z-400-u2026.md,,metadata/00474-mth-253-linked-detail-telescoping-series-pdf-sequences-and-series-mth-253z-400-u2026.json,b904ff1c9d39d97f5c2ca742b1a5e230192215fa3a40caf9cc1afbdc9402027a,1612f1be01bfe56033cb00329bac6a5efee89217f4c24ca60dc59710421edf06,2026-07-18T06:33:14.900Z,1,32,3,0,0,0
00475-mth-253-linked-detail-week-2-web-homework-sequences,2053263,MTH-253,linked_detail,linked_detail,https://canvas.oregonstate.edu/courses/2053263/assignments/10584372?module_item_id=26977767#,https://canvas.oregonstate.edu/courses/2053263/assignments/10584372?module_item_id=26977767#,Week 2 Web Homework: Sequences,assignment,10584372,2,,yes,raw_html/00475-mth-253-linked-detail-week-2-web-homework-sequences.html,text/00475-mth-253-linked-detail-week-2-web-homework-sequences.txt,text/00475-mth-253-linked-detail-week-2-web-homework-sequences.fulltext.txt,markdown/00475-mth-253-linked-detail-week-2-web-homework-sequences.md,,metadata/00475-mth-253-linked-detail-week-2-web-homework-sequences.json,33ac5e609582d285ed3d08281cf323798e12a37987b510fb0b1536358aff2a51,90da07e39e49ef90bdaa8a01717e3b4d4ea7affa767b3aad86eda1f4a85d7c0a,2026-07-18T06:33:19.506Z,2,56,2,0,0,0
00476-mth-253-linked-detail-unit-2-written-homework-pdf-sequences-and-series-mth-253z-400-u2026,2053263,MTH-253,linked_detail,linked_detail,https://canvas.oregonstate.edu/courses/2053263/files/118558872?wrap=1,https://canvas.oregonstate.edu/courses/2053263/files/118558872?wrap=1,Unit #2 - Written Homework.pdf: SEQUENCES AND SERIES (MTH_253Z_400_U2026),file,118558872,2,,,raw_html/00476-mth-253-linked-detail-unit-2-written-homework-pdf-sequences-and-series-mth-253z-400-u2026.html,text/00476-mth-253-linked-detail-unit-2-written-homework-pdf-sequences-and-series-mth-253z-400-u2026.txt,text/00476-mth-253-linked-detail-unit-2-written-homework-pdf-sequences-and-series-mth-253z-400-u2026.fulltext.txt,markdown/00476-mth-253-linked-detail-unit-2-written-homework-pdf-sequences-and-series-mth-253z-400-u2026.md,,metadata/00476-mth-253-linked-detail-unit-2-written-homework-pdf-sequences-and-series-mth-253z-400-u2026.json,0896bc1ff666c97ee50ac93197c50a7775749dbd981a2a8e97028b04f5aeed88,1f1964047e6c4c920d5ef0428fe552e94fa7c7549b7c2d8ff21d498b5fa20869,2026-07-18T06:33:22.141Z,1,32,3,0,0,0
00477-mth-253-linked-detail-unit-2-written-homework-assignment,2053263,MTH-253,linked_detail,linked_detail,https://canvas.oregonstate.edu/courses/2053263/assignments/10553180?module_item_id=26885550#,https://canvas.oregonstate.edu/courses/2053263/assignments/10553180?module_item_id=26885550#,Unit 2 - Written Homework Assignment,assignment,10553180,2,,,raw_html/00477-mth-253-linked-detail-unit-2-written-homework-assignment.html,text/00477-mth-253-linked-detail-unit-2-written-homework-assignment.txt,text/00477-mth-253-linked-detail-unit-2-written-homework-assignment.fulltext.txt,markdown/00477-mth-253-linked-detail-unit-2-written-homework-assignment.md,,metadata/00477-mth-253-linked-detail-unit-2-written-homework-assignment.json,875fd318bf3abf6a3303b8788a116ef045f7cc034cd7fa4df5a78e73e2a7cde9,e6059200777e366745237eb66b355cd8a874860888a8e5db99724eb91261c0fd,2026-07-18T06:33:25.157Z,6,57,2,0,0,0
00478-mth-253-linked-detail-week-3-web-homework-introduction-to-series,2053263,MTH-253,linked_detail,linked_detail,https://canvas.oregonstate.edu/courses/2053263/assignments/10584373?module_item_id=26977769#,https://canvas.oregonstate.edu/courses/2053263/assignments/10584373?module_item_id=26977769#,Week 3 Web Homework: Introduction to Series,assignment,10584373,2,,yes,raw_html/00478-mth-253-linked-detail-week-3-web-homework-introduction-to-series.html,text/00478-mth-253-linked-detail-week-3-web-homework-introduction-to-series.txt,text/00478-mth-253-linked-detail-week-3-web-homework-introduction-to-series.fulltext.txt,markdown/00478-mth-253-linked-detail-week-3-web-homework-introduction-to-series.md,,metadata/00478-mth-253-linked-detail-week-3-web-homework-introduction-to-series.json,a0ea045127fa82037a610fe1d9818a5ae8a79c4276ea7d0e1173d4dcba91746e,706f64b1a78de878f2394b8c1e3bc53e37538ca23229cf39c5706e6fed51ce3f,2026-07-18T06:33:28.094Z,2,56,2,0,0,0
00479-mth-253-linked-detail-divergence-test-pdf-sequences-and-series-mth-253z-400-u2026,2053263,MTH-253,linked_detail,linked_detail,https://canvas.oregonstate.edu/courses/2053263/files/118558959?wrap=1,https://canvas.oregonstate.edu/courses/2053263/files/118558959?wrap=1,Divergence Test.pdf: SEQUENCES AND SERIES (MTH_253Z_400_U2026),file,118558959,2,,,raw_html/00479-mth-253-linked-detail-divergence-test-pdf-sequences-and-series-mth-253z-400-u2026.html,text/00479-mth-253-linked-detail-divergence-test-pdf-sequences-and-series-mth-253z-400-u2026.txt,text/00479-mth-253-linked-detail-divergence-test-pdf-sequences-and-series-mth-253z-400-u2026.fulltext.txt,markdown/00479-mth-253-linked-detail-divergence-test-pdf-sequences-and-series-mth-253z-400-u2026.md,,metadata/00479-mth-253-linked-detail-divergence-test-pdf-sequences-and-series-mth-253z-400-u2026.json,75e52c288bd8101db1535c18e66e00afdd8c8bd76cf13f307134d1a5f8e92996,d0f2e0fee5104e335bc3a520f59f149f9b0141ac1eca747afc836ec60cd8bc3a,2026-07-18T06:33:30.553Z,1,32,3,0,0,0
00480-mth-253-linked-detail-p-series-and-the-integral-test-pdf-sequences-and-series-mth-253z-400-u2026,2053263,MTH-253,linked_detail,linked_detail,https://canvas.oregonstate.edu/courses/2053263/files/118558964?wrap=1,https://canvas.oregonstate.edu/courses/2053263/files/118558964?wrap=1,p-Series and The Integral Test.pdf: SEQUENCES AND SERIES (MTH_253Z_400_U2026),file,118558964,2,,,raw_html/00480-mth-253-linked-detail-p-series-and-the-integral-test-pdf-sequences-and-series-mth-253z-400-u2026.html,text/00480-mth-253-linked-detail-p-series-and-the-integral-test-pdf-sequences-and-series-mth-253z-400-u2026.txt,text/00480-mth-253-linked-detail-p-series-and-the-integral-test-pdf-sequences-and-series-mth-253z-400-u2026.fulltext.txt,markdown/00480-mth-253-linked-detail-p-series-and-the-integral-test-pdf-sequences-and-series-mth-253z-400-u2026.md,,metadata/00480-mth-253-linked-detail-p-series-and-the-integral-test-pdf-sequences-and-series-mth-253z-400-u2026.json,3939b90fe7aa61ac95c12d9d20d89f50524bd6bfb5d6987195bb3c38321a6f93,e44cc8916bda66409cd2ea2066e0761ee424c2f47296030516f0c3593c3acb43,2026-07-18T06:33:33.387Z,1,32,3,0,0,0
00481-mth-253-linked-detail-the-comparison-test-pdf-sequences-and-series-mth-253z-400-u2026,2053263,MTH-253,linked_detail,linked_detail,https://canvas.oregonstate.edu/courses/2053263/files/118558968?wrap=1,https://canvas.oregonstate.edu/courses/2053263/files/118558968?wrap=1,The Comparison Test.pdf: SEQUENCES AND SERIES (MTH_253Z_400_U2026),file,118558968,2,,,raw_html/00481-mth-253-linked-detail-the-comparison-test-pdf-sequences-and-series-mth-253z-400-u2026.html,text/00481-mth-253-linked-detail-the-comparison-test-pdf-sequences-and-series-mth-253z-400-u2026.txt,text/00481-mth-253-linked-detail-the-comparison-test-pdf-sequences-and-series-mth-253z-400-u2026.fulltext.txt,markdown/00481-mth-253-linked-detail-the-comparison-test-pdf-sequences-and-series-mth-253z-400-u2026.md,,metadata/00481-mth-253-linked-detail-the-comparison-test-pdf-sequences-and-series-mth-253z-400-u2026.json,da91e7bb37e9a1c6f954a8aced9270f4159c5994eddbbb12d7901eee2efefef7,0b535baccb9c9b59a9852f66277a1816f555883eaf3c8586ad104258a6f0f959,2026-07-18T06:33:35.933Z,1,32,3,0,0,0
00482-mth-253-linked-detail-the-limit-comparison-test-pdf-sequences-and-series-mth-253z-400-u2026,2053263,MTH-253,linked_detail,linked_detail,https://canvas.oregonstate.edu/courses/2053263/files/118558929?wrap=1,https://canvas.oregonstate.edu/courses/2053263/files/118558929?wrap=1,The Limit Comparison Test.pdf: SEQUENCES AND SERIES (MTH_253Z_400_U2026),file,118558929,2,,,raw_html/00482-mth-253-linked-detail-the-limit-comparison-test-pdf-sequences-and-series-mth-253z-400-u2026.html,text/00482-mth-253-linked-detail-the-limit-comparison-test-pdf-sequences-and-series-mth-253z-400-u2026.txt,text/00482-mth-253-linked-detail-the-limit-comparison-test-pdf-sequences-and-series-mth-253z-400-u2026.fulltext.txt,markdown/00482-mth-253-linked-detail-the-limit-comparison-test-pdf-sequences-and-series-mth-253z-400-u2026.md,,metadata/00482-mth-253-linked-detail-the-limit-comparison-test-pdf-sequences-and-series-mth-253z-400-u2026.json,8560502874f4570a77272566f5137be3909851ccce70afddd4dc0e0a638f4a39,1340a4c28607013c8e9d3a4d8d7063b2a08609f21ef2a4993c9e97a7537decaa,2026-07-18T06:33:38.649Z,1,32,3,0,0,0
00483-mth-253-linked-detail-the-alternating-series-test-pdf-sequences-and-series-mth-253z-400-u2026,2053263,MTH-253,linked_detail,linked_detail,https://canvas.oregonstate.edu/courses/2053263/files/118558911?wrap=1,https://canvas.oregonstate.edu/courses/2053263/files/118558911?wrap=1,The Alternating Series Test.pdf: SEQUENCES AND SERIES (MTH_253Z_400_U2026),file,118558911,2,,,raw_html/00483-mth-253-linked-detail-the-alternating-series-test-pdf-sequences-and-series-mth-253z-400-u2026.html,text/00483-mth-253-linked-detail-the-alternating-series-test-pdf-sequences-and-series-mth-253z-400-u2026.txt,text/00483-mth-253-linked-detail-the-alternating-series-test-pdf-sequences-and-series-mth-253z-400-u2026.fulltext.txt,markdown/00483-mth-253-linked-detail-the-alternating-series-test-pdf-sequences-and-series-mth-253z-400-u2026.md,,metadata/00483-mth-253-linked-detail-the-alternating-series-test-pdf-sequences-and-series-mth-253z-400-u2026.json,8578030bbd119d4db01864bb653fcb0fd0601208e4501ae376341070c7e48ac5,fa44f9071e79df76488c4632bf5e740bec0bc478669534a67825e1488fd2b470,2026-07-18T06:33:40.928Z,1,32,3,0,0,0
00484-mth-253-linked-detail-absolute-and-conditional-convergence-pdf-sequences-and-series-mth-253z-400-u2026,2053263,MTH-253,linked_detail,linked_detail,https://canvas.oregonstate.edu/courses/2053263/files/118558970?wrap=1,https://canvas.oregonstate.edu/courses/2053263/files/118558970?wrap=1,Absolute and Conditional Convergence.pdf: SEQUENCES AND SERIES (MTH_253Z_400_U2026),file,118558970,2,,,raw_html/00484-mth-253-linked-detail-absolute-and-conditional-convergence-pdf-sequences-and-series-mth-253z-400-u2026.html,text/00484-mth-253-linked-detail-absolute-and-conditional-convergence-pdf-sequences-and-series-mth-253z-400-u2026.txt,text/00484-mth-253-linked-detail-absolute-and-conditional-convergence-pdf-sequences-and-series-mth-253z-400-u2026.fulltext.txt,markdown/00484-mth-253-linked-detail-absolute-and-conditional-convergence-pdf-sequences-and-series-mth-253z-400-u2026.md,,metadata/00484-mth-253-linked-detail-absolute-and-conditional-convergence-pdf-sequences-and-series-mth-253z-400-u2026.json,205e807ef94adee0828133ace65da346aed14fee3953bdef2db62b1f187bd765,ce0919697ab16068fe46df732022d9b53fea31f307440e437ead1c22360d9cee,2026-07-18T06:33:43.908Z,1,32,3,0,0,0
00485-mth-253-linked-detail-the-ratio-test-pdf-sequences-and-series-mth-253z-400-u2026,2053263,MTH-253,linked_detail,linked_detail,https://canvas.oregonstate.edu/courses/2053263/files/118558816?wrap=1,https://canvas.oregonstate.edu/courses/2053263/files/118558816?wrap=1,The Ratio Test.pdf: SEQUENCES AND SERIES (MTH_253Z_400_U2026),file,118558816,2,,,raw_html/00485-mth-253-linked-detail-the-ratio-test-pdf-sequences-and-series-mth-253z-400-u2026.html,text/00485-mth-253-linked-detail-the-ratio-test-pdf-sequences-and-series-mth-253z-400-u2026.txt,text/00485-mth-253-linked-detail-the-ratio-test-pdf-sequences-and-series-mth-253z-400-u2026.fulltext.txt,markdown/00485-mth-253-linked-detail-the-ratio-test-pdf-sequences-and-series-mth-253z-400-u2026.md,,metadata/00485-mth-253-linked-detail-the-ratio-test-pdf-sequences-and-series-mth-253z-400-u2026.json,a26363e7e7bebe69ee12797c2513e046ccbe24693d5c89be9ba4ef01f23d0ec7,26054e60a9ef9df93b83be47dd9b3882abfca75cd944422e3e01c1772dde4971,2026-07-18T06:33:46.701Z,1,32,3,0,0,0
00486-mth-253-linked-detail-the-root-test-pdf-sequences-and-series-mth-253z-400-u2026,2053263,MTH-253,linked_detail,linked_detail,https://canvas.oregonstate.edu/courses/2053263/files/118558799?wrap=1,https://canvas.oregonstate.edu/courses/2053263/files/118558799?wrap=1,The Root Test.pdf: SEQUENCES AND SERIES (MTH_253Z_400_U2026),file,118558799,2,,,raw_html/00486-mth-253-linked-detail-the-root-test-pdf-sequences-and-series-mth-253z-400-u2026.html,text/00486-mth-253-linked-detail-the-root-test-pdf-sequences-and-series-mth-253z-400-u2026.txt,text/00486-mth-253-linked-detail-the-root-test-pdf-sequences-and-series-mth-253z-400-u2026.fulltext.txt,markdown/00486-mth-253-linked-detail-the-root-test-pdf-sequences-and-series-mth-253z-400-u2026.md,,metadata/00486-mth-253-linked-detail-the-root-test-pdf-sequences-and-series-mth-253z-400-u2026.json,ee102e337665affefeeff94f8940e66e98a56f917f5ce3c7a187c363ea2c7d5e,c0ffb079bec61e76eecfb4a5c03572c789e1b1ead7b9ac34d0f32f6589024bea,2026-07-18T06:33:49.304Z,1,32,3,0,0,0
00487-mth-253-linked-detail-what-test-to-use-pdf-sequences-and-series-mth-253z-400-u2026,2053263,MTH-253,linked_detail,linked_detail,https://canvas.oregonstate.edu/courses/2053263/files/118558955?wrap=1,https://canvas.oregonstate.edu/courses/2053263/files/118558955?wrap=1,What Test to Use.pdf: SEQUENCES AND SERIES (MTH_253Z_400_U2026),file,118558955,2,,,raw_html/00487-mth-253-linked-detail-what-test-to-use-pdf-sequences-and-series-mth-253z-400-u2026.html,text/00487-mth-253-linked-detail-what-test-to-use-pdf-sequences-and-series-mth-253z-400-u2026.txt,text/00487-mth-253-linked-detail-what-test-to-use-pdf-sequences-and-series-mth-253z-400-u2026.fulltext.txt,markdown/00487-mth-253-linked-detail-what-test-to-use-pdf-sequences-and-series-mth-253z-400-u2026.md,,metadata/00487-mth-253-linked-detail-what-test-to-use-pdf-sequences-and-series-mth-253z-400-u2026.json,5a7bf1613da74f7f1cf779d15df38d8c3fe905cce1364c99a91632135bc87324,5b678aeb65b4cd3720bc9be32276de4ac4d26adad47a1bd5936f94b3a94ab45d,2026-07-18T06:33:52.856Z,1,32,3,0,0,0
00488-mth-253-linked-detail-week-4-web-homework-the-divergence-and-integral-tests,2053263,MTH-253,linked_detail,linked_detail,https://canvas.oregonstate.edu/courses/2053263/assignments/10584431?module_item_id=26977967#,https://canvas.oregonstate.edu/courses/2053263/assignments/10584431?module_item_id=26977967#,Week 4 Web Homework: The Divergence and Integral Tests,assignment,10584431,2,,yes,raw_html/00488-mth-253-linked-detail-week-4-web-homework-the-divergence-and-integral-tests.html,text/00488-mth-253-linked-detail-week-4-web-homework-the-divergence-and-integral-tests.txt,text/00488-mth-253-linked-detail-week-4-web-homework-the-divergence-and-integral-tests.fulltext.txt,markdown/00488-mth-253-linked-detail-week-4-web-homework-the-divergence-and-integral-tests.md,,metadata/00488-mth-253-linked-detail-week-4-web-homework-the-divergence-and-integral-tests.json,bb9bc9b72928ec22aee2a32d7b8398c079a6c0768f10053617e1e377b92d8eb4,ed1549bfff1ab0b79ab0931525e2be639bee4241b67f78fb421861c0643abc0f,2026-07-18T06:33:55.807Z,2,55,2,0,0,0
00489-mth-253-linked-detail-week-5-web-homework-comparison-and-alternate-series-tests,2053263,MTH-253,linked_detail,linked_detail,https://canvas.oregonstate.edu/courses/2053263/assignments/10584434?module_item_id=26977977#,https://canvas.oregonstate.edu/courses/2053263/assignments/10584434?module_item_id=26977977#,Week 5 Web Homework: Comparison and Alternate Series Tests,assignment,10584434,2,,yes,raw_html/00489-mth-253-linked-detail-week-5-web-homework-comparison-and-alternate-series-tests.html,text/00489-mth-253-linked-detail-week-5-web-homework-comparison-and-alternate-series-tests.txt,text/00489-mth-253-linked-detail-week-5-web-homework-comparison-and-alternate-series-tests.fulltext.txt,markdown/00489-mth-253-linked-detail-week-5-web-homework-comparison-and-alternate-series-tests.md,,metadata/00489-mth-253-linked-detail-week-5-web-homework-comparison-and-alternate-series-tests.json,52b73dfe5201e99c9a7c2fcd736ce1bcb154358a570bed479e447ada5c21e202,258c357ab96cba3889163d2475e5bcea4987b2b3c0b6e74770d8ace8692485af,2026-07-18T06:33:59.051Z,2,55,2,0,0,0
00490-mth-253-linked-detail-unit-3-written-homework-pdf-sequences-and-series-mth-253z-400-u2026,2053263,MTH-253,linked_detail,linked_detail,https://canvas.oregonstate.edu/courses/2053263/files/118558907?wrap=1,https://canvas.oregonstate.edu/courses/2053263/files/118558907?wrap=1,Unit #3 - Written Homework.pdf: SEQUENCES AND SERIES (MTH_253Z_400_U2026),file,118558907,2,,,raw_html/00490-mth-253-linked-detail-unit-3-written-homework-pdf-sequences-and-series-mth-253z-400-u2026.html,text/00490-mth-253-linked-detail-unit-3-written-homework-pdf-sequences-and-series-mth-253z-400-u2026.txt,text/00490-mth-253-linked-detail-unit-3-written-homework-pdf-sequences-and-series-mth-253z-400-u2026.fulltext.txt,markdown/00490-mth-253-linked-detail-unit-3-written-homework-pdf-sequences-and-series-mth-253z-400-u2026.md,,metadata/00490-mth-253-linked-detail-unit-3-written-homework-pdf-sequences-and-series-mth-253z-400-u2026.json,62b8c07edd1ede54d0392b8277f24caa66e3bb495dea7ef7bf4f1179d0a6f50d,4e33a0b4e14681d00387ed8570dc91816554b0fd232ebf338d8cd39702d175d8,2026-07-18T06:34:01.692Z,1,32,3,0,0,0
00491-mth-253-linked-detail-unit-3-written-homework-assignment,2053263,MTH-253,linked_detail,linked_detail,https://canvas.oregonstate.edu/courses/2053263/assignments/10553181?module_item_id=26885565#,https://canvas.oregonstate.edu/courses/2053263/assignments/10553181?module_item_id=26885565#,Unit 3 - Written Homework Assignment,assignment,10553181,2,,yes,raw_html/00491-mth-253-linked-detail-unit-3-written-homework-assignment.html,text/00491-mth-253-linked-detail-unit-3-written-homework-assignment.txt,text/00491-mth-253-linked-detail-unit-3-written-homework-assignment.fulltext.txt,markdown/00491-mth-253-linked-detail-unit-3-written-homework-assignment.md,,metadata/00491-mth-253-linked-detail-unit-3-written-homework-assignment.json,6e1a2c73d05928a337d341f7fb98bc8590c9f0e58013245e547f4a8e6dbbe3b5,028b44ebc629878e6242531a9409458a17021ca510c0932ec957a99d315c2df0,2026-07-18T06:34:05.049Z,6,60,2,0,0,0
00492-mth-253-linked-detail-week-6-web-homework-ratio-and-root-tests,2053263,MTH-253,linked_detail,linked_detail,https://canvas.oregonstate.edu/courses/2053263/assignments/10584435?module_item_id=26977980#,https://canvas.oregonstate.edu/courses/2053263/assignments/10584435?module_item_id=26977980#,Week 6 Web Homework: Ratio and Root Tests,assignment,10584435,2,,yes,raw_html/00492-mth-253-linked-detail-week-6-web-homework-ratio-and-root-tests.html,text/00492-mth-253-linked-detail-week-6-web-homework-ratio-and-root-tests.txt,text/00492-mth-253-linked-detail-week-6-web-homework-ratio-and-root-tests.fulltext.txt,markdown/00492-mth-253-linked-detail-week-6-web-homework-ratio-and-root-tests.md,,metadata/00492-mth-253-linked-detail-week-6-web-homework-ratio-and-root-tests.json,c5f6a7b5b084af02479e5bc421853075038f5aa4d9a00998bb89403660184440,3f8087f5c84373d89a6b52b506ade621e7bf70b70dd3c34cc241af97c57549db,2026-07-18T06:34:09.111Z,2,57,2,0,0,0
00493-mth-253-linked-detail-week-7-web-homework-power-series-and-functions,2053263,MTH-253,linked_detail,linked_detail,https://canvas.oregonstate.edu/courses/2053263/assignments/10584436?module_item_id=26977982#,https://canvas.oregonstate.edu/courses/2053263/assignments/10584436?module_item_id=26977982#,Week 7 Web Homework: Power Series and Functions,assignment,10584436,2,,yes,raw_html/00493-mth-253-linked-detail-week-7-web-homework-power-series-and-functions.html,text/00493-mth-253-linked-detail-week-7-web-homework-power-series-and-functions.txt,text/00493-mth-253-linked-detail-week-7-web-homework-power-series-and-functions.fulltext.txt,markdown/00493-mth-253-linked-detail-week-7-web-homework-power-series-and-functions.md,,metadata/00493-mth-253-linked-detail-week-7-web-homework-power-series-and-functions.json,fa8c8e04628b834c07e3670cbe84fba034942d1aeccf85e13522c3737ea96114,a6a59398564b34dbf4b31fda29d796476eb0920fe0fdf751cfe7e537a0db329e,2026-07-18T06:34:12.356Z,2,57,2,0,0,0
00494-mth-253-linked-detail-week-8-web-homework-taylor-and-maclaurin-series,2053263,MTH-253,linked_detail,linked_detail,https://canvas.oregonstate.edu/courses/2053263/assignments/10584437?module_item_id=26977985#,https://canvas.oregonstate.edu/courses/2053263/assignments/10584437?module_item_id=26977985#,Week 8 Web Homework Taylor and Maclaurin Series,assignment,10584437,2,,yes,raw_html/00494-mth-253-linked-detail-week-8-web-homework-taylor-and-maclaurin-series.html,text/00494-mth-253-linked-detail-week-8-web-homework-taylor-and-maclaurin-series.txt,text/00494-mth-253-linked-detail-week-8-web-homework-taylor-and-maclaurin-series.fulltext.txt,markdown/00494-mth-253-linked-detail-week-8-web-homework-taylor-and-maclaurin-series.md,,metadata/00494-mth-253-linked-detail-week-8-web-homework-taylor-and-maclaurin-series.json,05d78716c5599a7cb16417873919cecc3e18df63458f9f50e60b966e95830785,5cd50ccdc22733e57651ae2e10e0942608d3f56caa0247aba32a8925da0689ad,2026-07-18T06:34:15.554Z,2,55,2,0,0,0
00495-mth-253-linked-detail-unit-4-written-homework-assignment,2053263,MTH-253,linked_detail,linked_detail,https://canvas.oregonstate.edu/courses/2053263/assignments/10553182?module_item_id=26885580#,https://canvas.oregonstate.edu/courses/2053263/assignments/10553182?module_item_id=26885580#,Unit 4 - Written Homework Assignment,assignment,10553182,2,,,raw_html/00495-mth-253-linked-detail-unit-4-written-homework-assignment.html,text/00495-mth-253-linked-detail-unit-4-written-homework-assignment.txt,text/00495-mth-253-linked-detail-unit-4-written-homework-assignment.fulltext.txt,markdown/00495-mth-253-linked-detail-unit-4-written-homework-assignment.md,,metadata/00495-mth-253-linked-detail-unit-4-written-homework-assignment.json,c0c2c4e21c65d8e0601dc586f652717db9b03efb5c94a563ba9b8a2cd207ffaa,6cad000c9a9241281209520da6c270d2a2bc8730b410f9a112f7e29aeec21bf9,2026-07-18T06:34:19.157Z,2,57,2,0,0,0
00496-mth-253-linked-detail-week-9-web-homework-properties-of-power-series,2053263,MTH-253,linked_detail,linked_detail,https://canvas.oregonstate.edu/courses/2053263/assignments/10584438?module_item_id=26977987#,https://canvas.oregonstate.edu/courses/2053263/assignments/10584438?module_item_id=26977987#,Week 9 Web Homework: Properties of Power Series,assignment,10584438,2,,yes,raw_html/00496-mth-253-linked-detail-week-9-web-homework-properties-of-power-series.html,text/00496-mth-253-linked-detail-week-9-web-homework-properties-of-power-series.txt,text/00496-mth-253-linked-detail-week-9-web-homework-properties-of-power-series.fulltext.txt,markdown/00496-mth-253-linked-detail-week-9-web-homework-properties-of-power-series.md,,metadata/00496-mth-253-linked-detail-week-9-web-homework-properties-of-power-series.json,38671d65c96e6d3ca3aecbcd1608b4cdbd419d35a4eefce5951c21059ec5e9da,848f82b783e1383a690916bde3e78d17719b42d815e4e6ba1bb9af3e78b6bcfe,2026-07-18T06:34:21.859Z,2,57,2,0,0,0
00497-mth-253-linked-detail-unit-5-written-homework-assignment,2053263,MTH-253,linked_detail,linked_detail,https://canvas.oregonstate.edu/courses/2053263/assignments/10553183?module_item_id=26885592#,https://canvas.oregonstate.edu/courses/2053263/assignments/10553183?module_item_id=26885592#,Unit 5 - Written Homework Assignment,assignment,10553183,2,,,raw_html/00497-mth-253-linked-detail-unit-5-written-homework-assignment.html,text/00497-mth-253-linked-detail-unit-5-written-homework-assignment.txt,text/00497-mth-253-linked-detail-unit-5-written-homework-assignment.fulltext.txt,markdown/00497-mth-253-linked-detail-unit-5-written-homework-assignment.md,,metadata/00497-mth-253-linked-detail-unit-5-written-homework-assignment.json,721506841a0a222ed0a84794220f622d689207d4e6c8a65d66b8bd20044b8e1c,3d19adb063a5fc4b90cca5f76b794b48297cf8639592b725283e93afe62cce69,2026-07-18T06:34:24.306Z,2,57,2,0,0,0
00498-mth-253-linked-detail-week-10-web-homework-working-with-taylor-series,2053263,MTH-253,linked_detail,linked_detail,https://canvas.oregonstate.edu/courses/2053263/assignments/10584439?module_item_id=26977989#,https://canvas.oregonstate.edu/courses/2053263/assignments/10584439?module_item_id=26977989#,Week 10 Web Homework: Working with Taylor Series,assignment,10584439,2,,yes,raw_html/00498-mth-253-linked-detail-week-10-web-homework-working-with-taylor-series.html,text/00498-mth-253-linked-detail-week-10-web-homework-working-with-taylor-series.txt,text/00498-mth-253-linked-detail-week-10-web-homework-working-with-taylor-series.fulltext.txt,markdown/00498-mth-253-linked-detail-week-10-web-homework-working-with-taylor-series.md,,metadata/00498-mth-253-linked-detail-week-10-web-homework-working-with-taylor-series.json,24355f79a5eb40ea517c1d50a38b0123504f999482b3269b0f7ec4bec966af2e,61e5611659a41e269b0da8be94ebf6fd40002e9eede8c737f418fac3a32759e8,2026-07-18T06:34:26.952Z,2,55,2,0,0,0
00499-mth-253-linked-detail-mth-253-final-exam-practice-problems-pdf-sequences-and-series-mth-253z-400-u2026,2053263,MTH-253,linked_detail,linked_detail,https://canvas.oregonstate.edu/courses/2053263/files/118558956?module_item_id=26885598#,https://canvas.oregonstate.edu/courses/2053263/files/118558956?module_item_id=26885598#,MTH 253 - Final Exam Practice Problems.pdf: SEQUENCES AND SERIES (MTH_253Z_400_U2026),file,118558956,2,,,raw_html/00499-mth-253-linked-detail-mth-253-final-exam-practice-problems-pdf-sequences-and-series-mth-253z-400-u2026.html,text/00499-mth-253-linked-detail-mth-253-final-exam-practice-problems-pdf-sequences-and-series-mth-253z-400-u2026.txt,text/00499-mth-253-linked-detail-mth-253-final-exam-practice-problems-pdf-sequences-and-series-mth-253z-400-u2026.fulltext.txt,markdown/00499-mth-253-linked-detail-mth-253-final-exam-practice-problems-pdf-sequences-and-series-mth-253z-400-u2026.md,,metadata/00499-mth-253-linked-detail-mth-253-final-exam-practice-problems-pdf-sequences-and-series-mth-253z-400-u2026.json,8e84e298feb2535878bf6e5e9f6ed25dfe93c996f74c8a86c87568ea5088ca6b,dd42bb24eb04ee4dbfcd4fb6e10a5a3138f1a0c4896a7c591eb9fa1d993cbd52,2026-07-18T06:34:29.602Z,1,34,3,0,0,0
00500-mth-253-linked-detail-mth-253-final-exam-practice-problems-answers-pdf-sequences-and-series-mth-253z-400-u2026,2053263,MTH-253,linked_detail,linked_detail,https://canvas.oregonstate.edu/courses/2053263/files/118558944?module_item_id=26885599#,https://canvas.oregonstate.edu/courses/2053263/files/118558944?module_item_id=26885599#,MTH 253 - Final Exam Practice Problems - Answers.pdf: SEQUENCES AND SERIES (MTH_253Z_400_U2026),file,118558944,2,,,raw_html/00500-mth-253-linked-detail-mth-253-final-exam-practice-problems-answers-pdf-sequences-and-series-mth-253z-400-u2026.html,text/00500-mth-253-linked-detail-mth-253-final-exam-practice-problems-answers-pdf-sequences-and-series-mth-253z-400-u2026.txt,text/00500-mth-253-linked-detail-mth-253-final-exam-practice-problems-answers-pdf-sequences-and-series-mth-253z-400-u2026.fulltext.txt,markdown/00500-mth-253-linked-detail-mth-253-final-exam-practice-problems-answers-pdf-sequences-and-series-mth-253z-400-u2026.md,,metadata/00500-mth-253-linked-detail-mth-253-final-exam-practice-problems-answers-pdf-sequences-and-series-mth-253z-400-u2026.json,9c7fcc94b54c63a1f0c6de0823603739cfd089cdcdfc28a2b7f454012116213d,48e15732821b332299264fc6790a4bc372488060a8e8f41de61266c255e86479,2026-07-18T06:34:32.145Z,1,34,3,0,0,0
00501-mth-253-linked-detail-jacob-peterson-s-quiz-history-practice-quiz-take-it-before-attempting-quiz-1,2053263,MTH-253,linked_detail,linked_detail,https://canvas.oregonstate.edu/courses/2053263/quizzes/3166971/history?version=2,https://canvas.oregonstate.edu/courses/2053263/quizzes/3166971/history?version=2,Jacob Peterson's Quiz History: Practice Quiz (take it before attempting Quiz 1!),quiz,3166971,2,,,raw_html/00501-mth-253-linked-detail-jacob-peterson-s-quiz-history-practice-quiz-take-it-before-attempting-quiz-1.html,text/00501-mth-253-linked-detail-jacob-peterson-s-quiz-history-practice-quiz-take-it-before-attempting-quiz-1.txt,text/00501-mth-253-linked-detail-jacob-peterson-s-quiz-history-practice-quiz-take-it-before-attempting-quiz-1.fulltext.txt,markdown/00501-mth-253-linked-detail-jacob-peterson-s-quiz-history-practice-quiz-take-it-before-attempting-quiz-1.md,,metadata/00501-mth-253-linked-detail-jacob-peterson-s-quiz-history-practice-quiz-take-it-before-attempting-quiz-1.json,9d04ceeef40aa6f63db41cdc65820d8ff9eaf9b45f0c208e93a02a0f19a77a0e,ebd429288e67b07bb7635acef0f08baa1d489e2cb52b270bedf69eeb628a8a4d,2026-07-18T06:34:34.500Z,1,41,2,0,0,0
00502-mth-253-linked-detail-jacob-peterson-s-quiz-history-practice-quiz-take-it-before-attempting-quiz-1,2053263,MTH-253,linked_detail,linked_detail,https://canvas.oregonstate.edu/courses/2053263/quizzes/3166971/history?version=1,https://canvas.oregonstate.edu/courses/2053263/quizzes/3166971/history?version=1,Jacob Peterson's Quiz History: Practice Quiz (take it before attempting Quiz 1!),quiz,3166971,2,,,raw_html/00502-mth-253-linked-detail-jacob-peterson-s-quiz-history-practice-quiz-take-it-before-attempting-quiz-1.html,text/00502-mth-253-linked-detail-jacob-peterson-s-quiz-history-practice-quiz-take-it-before-attempting-quiz-1.txt,text/00502-mth-253-linked-detail-jacob-peterson-s-quiz-history-practice-quiz-take-it-before-attempting-quiz-1.fulltext.txt,markdown/00502-mth-253-linked-detail-jacob-peterson-s-quiz-history-practice-quiz-take-it-before-attempting-quiz-1.md,,metadata/00502-mth-253-linked-detail-jacob-peterson-s-quiz-history-practice-quiz-take-it-before-attempting-quiz-1.json,51bfbddef7d3cc5b88758cb27809b270bdb9002eb52e0fb286f6df0cd47a2322,3e5a33d705df306386a7c4018b2c06d14de35c89cc1f5bf250ee09dbf7d7d58c,2026-07-18T06:34:36.866Z,1,39,2,0,0,0
00503-phy-212-linked-detail-syllabus-u2026-pdf-general-physics-with-calculus-ph-212-400-u2026,2053526,PHY-212,linked_detail,linked_detail,https://canvas.oregonstate.edu/courses/2053526/files/119369072?module_item_id=26992777#,https://canvas.oregonstate.edu/courses/2053526/files/119369072?module_item_id=26992777#,syllabus_U2026.pdf: GENERAL PHYSICS WITH CALCULUS (PH_212_400_U2026),file,119369072,2,,,raw_html/00503-phy-212-linked-detail-syllabus-u2026-pdf-general-physics-with-calculus-ph-212-400-u2026.html,text/00503-phy-212-linked-detail-syllabus-u2026-pdf-general-physics-with-calculus-ph-212-400-u2026.txt,text/00503-phy-212-linked-detail-syllabus-u2026-pdf-general-physics-with-calculus-ph-212-400-u2026.fulltext.txt,markdown/00503-phy-212-linked-detail-syllabus-u2026-pdf-general-physics-with-calculus-ph-212-400-u2026.md,,metadata/00503-phy-212-linked-detail-syllabus-u2026-pdf-general-physics-with-calculus-ph-212-400-u2026.json,3bb4e354ddc8a29e286ed4231af24b06b3fa72ae37f58e6146b2ef0c86dc87f8,3a42ca753dfd0950d8bcc8c768b20bc3d651b0a9ad034896982c1dd092b2af74,2026-07-18T06:34:39.350Z,1,37,3,0,0,0
00504-phy-212-linked-detail-lab-structure-and-ta-meetings-pdf-general-physics-with-calculus-ph-212-400-u2026,2053526,PHY-212,linked_detail,linked_detail,https://canvas.oregonstate.edu/courses/2053526/files/119307451?module_item_id=27007746#,https://canvas.oregonstate.edu/courses/2053526/files/119307451?module_item_id=27007746#,Lab Structure and TA Meetings.pdf: GENERAL PHYSICS WITH CALCULUS (PH_212_400_U2026),file,119307451,2,,,raw_html/00504-phy-212-linked-detail-lab-structure-and-ta-meetings-pdf-general-physics-with-calculus-ph-212-400-u2026.html,text/00504-phy-212-linked-detail-lab-structure-and-ta-meetings-pdf-general-physics-with-calculus-ph-212-400-u2026.txt,text/00504-phy-212-linked-detail-lab-structure-and-ta-meetings-pdf-general-physics-with-calculus-ph-212-400-u2026.fulltext.txt,markdown/00504-phy-212-linked-detail-lab-structure-and-ta-meetings-pdf-general-physics-with-calculus-ph-212-400-u2026.md,,metadata/00504-phy-212-linked-detail-lab-structure-and-ta-meetings-pdf-general-physics-with-calculus-ph-212-400-u2026.json,b839e7a1c5f30843ffac496a12fc88988fac3fdf8de404684a17d5a2e3ce7a40,42cb00dafd27343bf01f1de79b24893faca4a49ffecbad126d2553e735a20778,2026-07-18T06:34:42.155Z,1,38,3,0,0,0
00505-phy-212-linked-detail-proctorio-guide-pdf-general-physics-with-calculus-ph-212-400-u2026,2053526,PHY-212,linked_detail,linked_detail,https://canvas.oregonstate.edu/courses/2053526/files/118705575?wrap=1,https://canvas.oregonstate.edu/courses/2053526/files/118705575?wrap=1,Proctorio Guide.pdf: GENERAL PHYSICS WITH CALCULUS (PH_212_400_U2026),file,118705575,2,,,raw_html/00505-phy-212-linked-detail-proctorio-guide-pdf-general-physics-with-calculus-ph-212-400-u2026.html,text/00505-phy-212-linked-detail-proctorio-guide-pdf-general-physics-with-calculus-ph-212-400-u2026.txt,text/00505-phy-212-linked-detail-proctorio-guide-pdf-general-physics-with-calculus-ph-212-400-u2026.fulltext.txt,markdown/00505-phy-212-linked-detail-proctorio-guide-pdf-general-physics-with-calculus-ph-212-400-u2026.md,,metadata/00505-phy-212-linked-detail-proctorio-guide-pdf-general-physics-with-calculus-ph-212-400-u2026.json,4adb140b85f72ab164faf6646eaed400392042d4ff2a178c58c844398f5672a4,6848300dd135a3fc4a01d1723066d116c7885eae349b803a962d83152378c7b2,2026-07-18T06:34:44.749Z,1,35,3,0,0,0
00506-phy-212-linked-detail-first-day-overview-pdf-general-physics-with-calculus-ph-212-400-u2026,2053526,PHY-212,linked_detail,linked_detail,https://canvas.oregonstate.edu/courses/2053526/files/119256249?module_item_id=26997777#,https://canvas.oregonstate.edu/courses/2053526/files/119256249?module_item_id=26997777#,first day overview.pdf: GENERAL PHYSICS WITH CALCULUS (PH_212_400_U2026),file,119256249,2,,,raw_html/00506-phy-212-linked-detail-first-day-overview-pdf-general-physics-with-calculus-ph-212-400-u2026.html,text/00506-phy-212-linked-detail-first-day-overview-pdf-general-physics-with-calculus-ph-212-400-u2026.txt,text/00506-phy-212-linked-detail-first-day-overview-pdf-general-physics-with-calculus-ph-212-400-u2026.fulltext.txt,markdown/00506-phy-212-linked-detail-first-day-overview-pdf-general-physics-with-calculus-ph-212-400-u2026.md,,metadata/00506-phy-212-linked-detail-first-day-overview-pdf-general-physics-with-calculus-ph-212-400-u2026.json,707da31816a3482d11f913b31dd65e064d7669d56c98496701c14895553a55a2,85c45110b654561e1b01fb071b7ecab62bfd9e079a9db3b8e5773db97aa293ec,2026-07-18T06:34:47.303Z,1,35,3,0,0,0
00507-phy-212-linked-detail-academic-misconduct-scenarios-general-physics-with-calculus-ph-212-400-u2026,2053526,PHY-212,linked_detail,linked_detail,https://canvas.oregonstate.edu/courses/2053526/pages/academic-misconduct-scenarios?module_item_id=26896953#,https://canvas.oregonstate.edu/courses/2053526/pages/academic-misconduct-scenarios?module_item_id=26896953#,Academic Misconduct Scenarios: GENERAL PHYSICS WITH CALCULUS (PH_212_400_U2026),page,academic-misconduct-scenarios,2,,,raw_html/00507-phy-212-linked-detail-academic-misconduct-scenarios-general-physics-with-calculus-ph-212-400-u2026.html,text/00507-phy-212-linked-detail-academic-misconduct-scenarios-general-physics-with-calculus-ph-212-400-u2026.txt,text/00507-phy-212-linked-detail-academic-misconduct-scenarios-general-physics-with-calculus-ph-212-400-u2026.fulltext.txt,markdown/00507-phy-212-linked-detail-academic-misconduct-scenarios-general-physics-with-calculus-ph-212-400-u2026.md,,metadata/00507-phy-212-linked-detail-academic-misconduct-scenarios-general-physics-with-calculus-ph-212-400-u2026.json,329f67df70a513bb8ff1c3735e48ba38f2309d3bd6a947968073aa4dd9bae477,4572cf7cf32898e8e687bf1cc14d65d623984e39f700913cc6fc88c4c6d8c855,2026-07-18T06:34:49.908Z,5,44,2,0,0,0
00508-phy-212-linked-detail-module-1-circular-motion-learning-materials-general-physics-with-calculus-ph-212-400-u2026,2053526,PHY-212,linked_detail,linked_detail,https://canvas.oregonstate.edu/courses/2053526/pages/module-1-%7C-circular-motion-%7C-learning-materials,https://canvas.oregonstate.edu/courses/2053526/pages/module-1-%7C-circular-motion-%7C-learning-materials,Module 1 | Circular Motion | Learning Materials: GENERAL PHYSICS WITH CALCULUS (PH_212_400_U2026),page,module-1-%7C-circular-motion-%7C-learning-materials,2,,,raw_html/00508-phy-212-linked-detail-module-1-circular-motion-learning-materials-general-physics-with-calculus-ph-212-400-u2026.html,text/00508-phy-212-linked-detail-module-1-circular-motion-learning-materials-general-physics-with-calculus-ph-212-400-u2026.txt,text/00508-phy-212-linked-detail-module-1-circular-motion-learning-materials-general-physics-with-calculus-ph-212-400-u2026.fulltext.txt,markdown/00508-phy-212-linked-detail-module-1-circular-motion-learning-materials-general-physics-with-calculus-ph-212-400-u2026.md,,metadata/00508-phy-212-linked-detail-module-1-circular-motion-learning-materials-general-physics-with-calculus-ph-212-400-u2026.json,b7d6c11bcc28271802c4fb70c49b77eeab715a875b2b4027113119e4e0b2b639,b41103b169fd2e507049d4ea93a5a9f63176eeab1087f17457d520b61a1ee1be,2026-07-18T06:34:53.101Z,5,48,11,0,0,0
00509-phy-212-linked-detail-module-1-circular-motion-required-activities-general-physics-with-calculus-ph-212-400-u2026,2053526,PHY-212,linked_detail,linked_detail,https://canvas.oregonstate.edu/courses/2053526/pages/module-1-%7C-circular-motion-%7C-required-activities,https://canvas.oregonstate.edu/courses/2053526/pages/module-1-%7C-circular-motion-%7C-required-activities,Module 1 | Circular Motion | Required Activities: GENERAL PHYSICS WITH CALCULUS (PH_212_400_U2026),page,module-1-%7C-circular-motion-%7C-required-activities,2,,,raw_html/00509-phy-212-linked-detail-module-1-circular-motion-required-activities-general-physics-with-calculus-ph-212-400-u2026.html,text/00509-phy-212-linked-detail-module-1-circular-motion-required-activities-general-physics-with-calculus-ph-212-400-u2026.txt,text/00509-phy-212-linked-detail-module-1-circular-motion-required-activities-general-physics-with-calculus-ph-212-400-u2026.fulltext.txt,markdown/00509-phy-212-linked-detail-module-1-circular-motion-required-activities-general-physics-with-calculus-ph-212-400-u2026.md,,metadata/00509-phy-212-linked-detail-module-1-circular-motion-required-activities-general-physics-with-calculus-ph-212-400-u2026.json,187fb5af9b190b4797648cd678e0901dc5ac5aa00e8354d6c3ebfbe295c0bcb2,f56a9260f0c467756503483371a5125fc5b4c892241d8808c47227d66f45fe20,2026-07-18T06:34:58.762Z,4,62,2,0,0,0
00510-phy-212-linked-detail-quiz1-practice-pdf-general-physics-with-calculus-ph-212-400-u2026,2053526,PHY-212,linked_detail,linked_detail,https://canvas.oregonstate.edu/courses/2053526/files/118705966?wrap=1,https://canvas.oregonstate.edu/courses/2053526/files/118705966?wrap=1,quiz1_practice.pdf: GENERAL PHYSICS WITH CALCULUS (PH_212_400_U2026),file,118705966,2,,,raw_html/00510-phy-212-linked-detail-quiz1-practice-pdf-general-physics-with-calculus-ph-212-400-u2026.html,text/00510-phy-212-linked-detail-quiz1-practice-pdf-general-physics-with-calculus-ph-212-400-u2026.txt,text/00510-phy-212-linked-detail-quiz1-practice-pdf-general-physics-with-calculus-ph-212-400-u2026.fulltext.txt,markdown/00510-phy-212-linked-detail-quiz1-practice-pdf-general-physics-with-calculus-ph-212-400-u2026.md,,metadata/00510-phy-212-linked-detail-quiz1-practice-pdf-general-physics-with-calculus-ph-212-400-u2026.json,481c3fb87fb48fdffcf1a078f0e73c09c063ef6b8020dd9dedc8456812210bda,ef543ff196cc84dd84ab62fe9f06320c4624ccd735f6747ed80fd5ea9ad90644,2026-07-18T06:35:01.352Z,1,36,3,0,0,0
00511-phy-212-linked-detail-quiz1-practice-soln-pdf-general-physics-with-calculus-ph-212-400-u2026,2053526,PHY-212,linked_detail,linked_detail,https://canvas.oregonstate.edu/courses/2053526/files/118705439?wrap=1,https://canvas.oregonstate.edu/courses/2053526/files/118705439?wrap=1,quiz1_practice_soln.pdf: GENERAL PHYSICS WITH CALCULUS (PH_212_400_U2026),file,118705439,2,,,raw_html/00511-phy-212-linked-detail-quiz1-practice-soln-pdf-general-physics-with-calculus-ph-212-400-u2026.html,text/00511-phy-212-linked-detail-quiz1-practice-soln-pdf-general-physics-with-calculus-ph-212-400-u2026.txt,text/00511-phy-212-linked-detail-quiz1-practice-soln-pdf-general-physics-with-calculus-ph-212-400-u2026.fulltext.txt,markdown/00511-phy-212-linked-detail-quiz1-practice-soln-pdf-general-physics-with-calculus-ph-212-400-u2026.md,,metadata/00511-phy-212-linked-detail-quiz1-practice-soln-pdf-general-physics-with-calculus-ph-212-400-u2026.json,a78eefb56fa6bcebc1f1ddc13eb5cf650d6a286680851ce72baedb8d4145fce8,d745e932f48afc8b4d943e8a5c7c6ccc6da55ed7a48cf821aa83c43bf540947c,2026-07-18T06:35:06.502Z,1,36,3,0,0,0
00512-phy-212-linked-detail-proctorio-practice-quiz-remotely-proctored-general-physics-with-calculus-ph-212-400-u2026,2053526,PHY-212,linked_detail,linked_detail,https://canvas.oregonstate.edu/courses/2053526/assignments/10557001,https://canvas.oregonstate.edu/courses/2053526/quizzes/3160506,Proctorio practice quiz (Remotely Proctored): GENERAL PHYSICS WITH CALCULUS (PH_212_400_U2026),quiz,3160506,2,yes,,raw_html/00512-phy-212-linked-detail-proctorio-practice-quiz-remotely-proctored-general-physics-with-calculus-ph-212-400-u2026.html,text/00512-phy-212-linked-detail-proctorio-practice-quiz-remotely-proctored-general-physics-with-calculus-ph-212-400-u2026.txt,text/00512-phy-212-linked-detail-proctorio-practice-quiz-remotely-proctored-general-physics-with-calculus-ph-212-400-u2026.fulltext.txt,markdown/00512-phy-212-linked-detail-proctorio-practice-quiz-remotely-proctored-general-physics-with-calculus-ph-212-400-u2026.md,,metadata/00512-phy-212-linked-detail-proctorio-practice-quiz-remotely-proctored-general-physics-with-calculus-ph-212-400-u2026.json,acaee9b0a0fdf7828d5aa487c97f0eca1477e71ebfeba7047f1318d60ddf51cb,2898284b05f86d9f51299cf53459f48f8602ec9fd38bb7a72f5995991201ceb9,2026-07-18T06:35:09.359Z,4,39,2,0,0,0
00513-phy-212-linked-detail-hw-1-rotational-motion-general-physics-with-calculus-ph-212-400-u2026,2053526,PHY-212,linked_detail,linked_detail,https://canvas.oregonstate.edu/courses/2053526/assignments/10556984,https://canvas.oregonstate.edu/courses/2053526/quizzes/3160489,Hw 1 - Rotational Motion: GENERAL PHYSICS WITH CALCULUS (PH_212_400_U2026),quiz,3160489,2,yes,,raw_html/00513-phy-212-linked-detail-hw-1-rotational-motion-general-physics-with-calculus-ph-212-400-u2026.html,text/00513-phy-212-linked-detail-hw-1-rotational-motion-general-physics-with-calculus-ph-212-400-u2026.txt,text/00513-phy-212-linked-detail-hw-1-rotational-motion-general-physics-with-calculus-ph-212-400-u2026.fulltext.txt,markdown/00513-phy-212-linked-detail-hw-1-rotational-motion-general-physics-with-calculus-ph-212-400-u2026.md,,metadata/00513-phy-212-linked-detail-hw-1-rotational-motion-general-physics-with-calculus-ph-212-400-u2026.json,f1e41d98d6ec6622634fad41289a226b5899285615448fc8fb6952a761b91402,84c4385a5a5277c0d3bbf5e150c39a4c97a3541295d25fcb29583318086d3e4d,2026-07-18T06:35:13.062Z,3,85,2,0,0,0
00514-phy-212-linked-detail-hw-2-rotational-dynamics-general-physics-with-calculus-ph-212-400-u2026,2053526,PHY-212,linked_detail,linked_detail,https://canvas.oregonstate.edu/courses/2053526/quizzes/3160444,https://canvas.oregonstate.edu/courses/2053526/quizzes/3160444,Hw 2 - Rotational Dynamics: GENERAL PHYSICS WITH CALCULUS (PH_212_400_U2026),quiz,3160444,2,,,raw_html/00514-phy-212-linked-detail-hw-2-rotational-dynamics-general-physics-with-calculus-ph-212-400-u2026.html,text/00514-phy-212-linked-detail-hw-2-rotational-dynamics-general-physics-with-calculus-ph-212-400-u2026.txt,text/00514-phy-212-linked-detail-hw-2-rotational-dynamics-general-physics-with-calculus-ph-212-400-u2026.fulltext.txt,markdown/00514-phy-212-linked-detail-hw-2-rotational-dynamics-general-physics-with-calculus-ph-212-400-u2026.md,,metadata/00514-phy-212-linked-detail-hw-2-rotational-dynamics-general-physics-with-calculus-ph-212-400-u2026.json,02acaf6116f48b3ebc601189159edfc9aafdcea6e11efc0866a37380e86c8cee,b7527cfe70dca9875490c658ffae988826add8a6cc632f17c785a79c4b96b9dc,2026-07-18T06:35:16.522Z,3,76,2,0,0,0
00515-phy-212-linked-detail-m1-1pre-general-physics-with-calculus-ph-212-400-u2026,2053526,PHY-212,linked_detail,linked_detail,https://canvas.oregonstate.edu/courses/2053526/assignments/10557008,https://canvas.oregonstate.edu/courses/2053526/quizzes/3160514,M1-1pre: GENERAL PHYSICS WITH CALCULUS (PH_212_400_U2026),quiz,3160514,2,yes,,raw_html/00515-phy-212-linked-detail-m1-1pre-general-physics-with-calculus-ph-212-400-u2026.html,text/00515-phy-212-linked-detail-m1-1pre-general-physics-with-calculus-ph-212-400-u2026.txt,text/00515-phy-212-linked-detail-m1-1pre-general-physics-with-calculus-ph-212-400-u2026.fulltext.txt,markdown/00515-phy-212-linked-detail-m1-1pre-general-physics-with-calculus-ph-212-400-u2026.md,,metadata/00515-phy-212-linked-detail-m1-1pre-general-physics-with-calculus-ph-212-400-u2026.json,3408f74586117c413f3b605ab08684bd4f80b72bbe58da55d287264bbfcf5f82,720af7d9695ca0210783d2ab792b02a45975306ef6521ad1491f5d59f7a6a114,2026-07-18T06:35:20.002Z,3,41,2,0,0,0
00516-phy-212-linked-detail-m1-2pre-general-physics-with-calculus-ph-212-400-u2026,2053526,PHY-212,linked_detail,linked_detail,https://canvas.oregonstate.edu/courses/2053526/assignments/10556960,https://canvas.oregonstate.edu/courses/2053526/quizzes/3160464,M1-2pre: GENERAL PHYSICS WITH CALCULUS (PH_212_400_U2026),quiz,3160464,2,yes,,raw_html/00516-phy-212-linked-detail-m1-2pre-general-physics-with-calculus-ph-212-400-u2026.html,text/00516-phy-212-linked-detail-m1-2pre-general-physics-with-calculus-ph-212-400-u2026.txt,text/00516-phy-212-linked-detail-m1-2pre-general-physics-with-calculus-ph-212-400-u2026.fulltext.txt,markdown/00516-phy-212-linked-detail-m1-2pre-general-physics-with-calculus-ph-212-400-u2026.md,,metadata/00516-phy-212-linked-detail-m1-2pre-general-physics-with-calculus-ph-212-400-u2026.json,6f4f3de6f4655d626c6c18665a39425a203bbf3add4b7ee0583236979bc65b1d,42df59110d6b68595abaf80f1c888af7185227a9aff00e1f35341fb79fc8a3e6,2026-07-18T06:35:22.953Z,3,40,2,0,0,0
00517-phy-212-linked-detail-m1-3pre-general-physics-with-calculus-ph-212-400-u2026,2053526,PHY-212,linked_detail,linked_detail,https://canvas.oregonstate.edu/courses/2053526/quizzes/3160475,https://canvas.oregonstate.edu/courses/2053526/quizzes/3160475,M1-3pre: GENERAL PHYSICS WITH CALCULUS (PH_212_400_U2026),quiz,3160475,2,,,raw_html/00517-phy-212-linked-detail-m1-3pre-general-physics-with-calculus-ph-212-400-u2026.html,text/00517-phy-212-linked-detail-m1-3pre-general-physics-with-calculus-ph-212-400-u2026.txt,text/00517-phy-212-linked-detail-m1-3pre-general-physics-with-calculus-ph-212-400-u2026.fulltext.txt,markdown/00517-phy-212-linked-detail-m1-3pre-general-physics-with-calculus-ph-212-400-u2026.md,,metadata/00517-phy-212-linked-detail-m1-3pre-general-physics-with-calculus-ph-212-400-u2026.json,5c5f7401c6335c5db8018e07d1167ddd439a26b9e62d9f1f259f52dc32dfe309,8af16945601187fa92ba3af654a719965145d5a4210cbc00ba5acd80174ba25a,2026-07-18T06:35:25.357Z,3,38,2,0,0,0
00518-phy-212-linked-detail-m1-4pre-general-physics-with-calculus-ph-212-400-u2026,2053526,PHY-212,linked_detail,linked_detail,https://canvas.oregonstate.edu/courses/2053526/quizzes/3160500,https://canvas.oregonstate.edu/courses/2053526/quizzes/3160500,M1-4pre: GENERAL PHYSICS WITH CALCULUS (PH_212_400_U2026),quiz,3160500,2,,,raw_html/00518-phy-212-linked-detail-m1-4pre-general-physics-with-calculus-ph-212-400-u2026.html,text/00518-phy-212-linked-detail-m1-4pre-general-physics-with-calculus-ph-212-400-u2026.txt,text/00518-phy-212-linked-detail-m1-4pre-general-physics-with-calculus-ph-212-400-u2026.fulltext.txt,markdown/00518-phy-212-linked-detail-m1-4pre-general-physics-with-calculus-ph-212-400-u2026.md,,metadata/00518-phy-212-linked-detail-m1-4pre-general-physics-with-calculus-ph-212-400-u2026.json,156a3afb779939907907c0c49ee4e7933b233d31f02e9173791eb186f4cf6b14,990f393caba87f77630c8d2e8a24f5023014bb33b866f4e7e4c0563c53c9434d,2026-07-18T06:35:27.875Z,3,38,2,0,0,0
00519-phy-212-linked-detail-m1-5pre-general-physics-with-calculus-ph-212-400-u2026,2053526,PHY-212,linked_detail,linked_detail,https://canvas.oregonstate.edu/courses/2053526/quizzes/3160476,https://canvas.oregonstate.edu/courses/2053526/quizzes/3160476,M1-5pre: GENERAL PHYSICS WITH CALCULUS (PH_212_400_U2026),quiz,3160476,2,,,raw_html/00519-phy-212-linked-detail-m1-5pre-general-physics-with-calculus-ph-212-400-u2026.html,text/00519-phy-212-linked-detail-m1-5pre-general-physics-with-calculus-ph-212-400-u2026.txt,text/00519-phy-212-linked-detail-m1-5pre-general-physics-with-calculus-ph-212-400-u2026.fulltext.txt,markdown/00519-phy-212-linked-detail-m1-5pre-general-physics-with-calculus-ph-212-400-u2026.md,,metadata/00519-phy-212-linked-detail-m1-5pre-general-physics-with-calculus-ph-212-400-u2026.json,c9e008fb0d33f3253bfe949119278e07b47d3237a88e9eec58039365501ecada,cc0fc8fafc8f7a51abdf5960abd617798ef368ed94acdd8ccbf44edf87c10664,2026-07-18T06:35:30.953Z,3,38,2,0,0,0
00520-phy-212-linked-detail-m1-0asy-general-physics-with-calculus-ph-212-400-u2026,2053526,PHY-212,linked_detail,linked_detail,https://canvas.oregonstate.edu/courses/2053526/assignments/10590694,https://canvas.oregonstate.edu/courses/2053526/quizzes/3169000,M1-0asy: GENERAL PHYSICS WITH CALCULUS (PH_212_400_U2026),quiz,3169000,2,yes,,raw_html/00520-phy-212-linked-detail-m1-0asy-general-physics-with-calculus-ph-212-400-u2026.html,text/00520-phy-212-linked-detail-m1-0asy-general-physics-with-calculus-ph-212-400-u2026.txt,text/00520-phy-212-linked-detail-m1-0asy-general-physics-with-calculus-ph-212-400-u2026.fulltext.txt,markdown/00520-phy-212-linked-detail-m1-0asy-general-physics-with-calculus-ph-212-400-u2026.md,,metadata/00520-phy-212-linked-detail-m1-0asy-general-physics-with-calculus-ph-212-400-u2026.json,74a2d8a01537d1b6454db426ee13cb548b2df0097e3955e553f74e986364dbc2,00d9a62922de707bd95b60b5a5cc1ca0a06ba3055cb62d7fb36a106e83df80f7,2026-07-18T06:35:34.004Z,3,43,2,0,0,0
00521-phy-212-linked-detail-m1-00asy-general-physics-with-calculus-ph-212-400-u2026,2053526,PHY-212,linked_detail,linked_detail,https://canvas.oregonstate.edu/courses/2053526/assignments/10590695,https://canvas.oregonstate.edu/courses/2053526/quizzes/3169001,M1-00asy: GENERAL PHYSICS WITH CALCULUS (PH_212_400_U2026),quiz,3169001,2,yes,,raw_html/00521-phy-212-linked-detail-m1-00asy-general-physics-with-calculus-ph-212-400-u2026.html,text/00521-phy-212-linked-detail-m1-00asy-general-physics-with-calculus-ph-212-400-u2026.txt,text/00521-phy-212-linked-detail-m1-00asy-general-physics-with-calculus-ph-212-400-u2026.fulltext.txt,markdown/00521-phy-212-linked-detail-m1-00asy-general-physics-with-calculus-ph-212-400-u2026.md,,metadata/00521-phy-212-linked-detail-m1-00asy-general-physics-with-calculus-ph-212-400-u2026.json,b93a8de5a8aabb0d032788f9a719d58d2edc376bbb4de326cdec67684bf3927c,4b3e919aab3bb9a40a4edca521be99af1006fb651afcb2e36d2e3a68fe3c2bbf,2026-07-18T06:35:36.903Z,5,58,2,0,0,0
00522-phy-212-linked-detail-m1-1asy-general-physics-with-calculus-ph-212-400-u2026,2053526,PHY-212,linked_detail,linked_detail,https://canvas.oregonstate.edu/courses/2053526/quizzes/3160454,https://canvas.oregonstate.edu/courses/2053526/quizzes/3160454,M1-1asy: GENERAL PHYSICS WITH CALCULUS (PH_212_400_U2026),quiz,3160454,2,,,raw_html/00522-phy-212-linked-detail-m1-1asy-general-physics-with-calculus-ph-212-400-u2026.html,text/00522-phy-212-linked-detail-m1-1asy-general-physics-with-calculus-ph-212-400-u2026.txt,text/00522-phy-212-linked-detail-m1-1asy-general-physics-with-calculus-ph-212-400-u2026.fulltext.txt,markdown/00522-phy-212-linked-detail-m1-1asy-general-physics-with-calculus-ph-212-400-u2026.md,,metadata/00522-phy-212-linked-detail-m1-1asy-general-physics-with-calculus-ph-212-400-u2026.json,f670d796fffa5c7341bdabe18202772b712e5daef68289b3098f7949f29ae770,5bb4112f9c5b108cf0b5e109040552499d50036848a44c56772c47fa3a360b8c,2026-07-18T06:35:39.311Z,5,61,2,0,0,0
00523-phy-212-linked-detail-m1-2asy-general-physics-with-calculus-ph-212-400-u2026,2053526,PHY-212,linked_detail,linked_detail,https://canvas.oregonstate.edu/courses/2053526/quizzes/3160491,https://canvas.oregonstate.edu/courses/2053526/quizzes/3160491,M1-2asy: GENERAL PHYSICS WITH CALCULUS (PH_212_400_U2026),quiz,3160491,2,,,raw_html/00523-phy-212-linked-detail-m1-2asy-general-physics-with-calculus-ph-212-400-u2026.html,text/00523-phy-212-linked-detail-m1-2asy-general-physics-with-calculus-ph-212-400-u2026.txt,text/00523-phy-212-linked-detail-m1-2asy-general-physics-with-calculus-ph-212-400-u2026.fulltext.txt,markdown/00523-phy-212-linked-detail-m1-2asy-general-physics-with-calculus-ph-212-400-u2026.md,,metadata/00523-phy-212-linked-detail-m1-2asy-general-physics-with-calculus-ph-212-400-u2026.json,59b8524e85cf2a19d8c3bd44dde769b28a6fbf7e246db9b5a396f14e97c676d8,ab9a80964b123a58790b4211e0b62fa657e9a59409db84fc3f4dd787bbdeafd2,2026-07-18T06:35:42.014Z,4,60,2,0,0,0
00524-phy-212-linked-detail-m1-3asy-general-physics-with-calculus-ph-212-400-u2026,2053526,PHY-212,linked_detail,linked_detail,https://canvas.oregonstate.edu/courses/2053526/quizzes/3160508,https://canvas.oregonstate.edu/courses/2053526/quizzes/3160508,M1-3asy: GENERAL PHYSICS WITH CALCULUS (PH_212_400_U2026),quiz,3160508,2,,,raw_html/00524-phy-212-linked-detail-m1-3asy-general-physics-with-calculus-ph-212-400-u2026.html,text/00524-phy-212-linked-detail-m1-3asy-general-physics-with-calculus-ph-212-400-u2026.txt,text/00524-phy-212-linked-detail-m1-3asy-general-physics-with-calculus-ph-212-400-u2026.fulltext.txt,markdown/00524-phy-212-linked-detail-m1-3asy-general-physics-with-calculus-ph-212-400-u2026.md,,metadata/00524-phy-212-linked-detail-m1-3asy-general-physics-with-calculus-ph-212-400-u2026.json,346fefc7bd99efa0e553ba5b92326a84115f01d46a856c3c3947ad2bfcfa3684,b1403cad88c2f3ec2737a368d715193149f0b022e68af53f726b1e97529a6c2b,2026-07-18T06:35:44.617Z,4,60,2,0,0,0
00525-phy-212-linked-detail-m1-4asy-general-physics-with-calculus-ph-212-400-u2026,2053526,PHY-212,linked_detail,linked_detail,https://canvas.oregonstate.edu/courses/2053526/quizzes/3160457,https://canvas.oregonstate.edu/courses/2053526/quizzes/3160457,M1-4asy: GENERAL PHYSICS WITH CALCULUS (PH_212_400_U2026),quiz,3160457,2,,,raw_html/00525-phy-212-linked-detail-m1-4asy-general-physics-with-calculus-ph-212-400-u2026.html,text/00525-phy-212-linked-detail-m1-4asy-general-physics-with-calculus-ph-212-400-u2026.txt,text/00525-phy-212-linked-detail-m1-4asy-general-physics-with-calculus-ph-212-400-u2026.fulltext.txt,markdown/00525-phy-212-linked-detail-m1-4asy-general-physics-with-calculus-ph-212-400-u2026.md,,metadata/00525-phy-212-linked-detail-m1-4asy-general-physics-with-calculus-ph-212-400-u2026.json,087c71a52050df820e66fa3e3d3cbddd9637d3dc7cfb58d1912ba238f30ec6bd,6ec3e587ab7e059b704529247082e91d8d5d86da7532313683c3bf8c1c1d1d91,2026-07-18T06:35:47.336Z,5,63,2,0,0,0
00526-phy-212-linked-detail-m1-5asy-general-physics-with-calculus-ph-212-400-u2026,2053526,PHY-212,linked_detail,linked_detail,https://canvas.oregonstate.edu/courses/2053526/assignments/10557021,https://canvas.oregonstate.edu/courses/2053526/quizzes/3160528,M1-5asy: GENERAL PHYSICS WITH CALCULUS (PH_212_400_U2026),quiz,3160528,2,yes,,raw_html/00526-phy-212-linked-detail-m1-5asy-general-physics-with-calculus-ph-212-400-u2026.html,text/00526-phy-212-linked-detail-m1-5asy-general-physics-with-calculus-ph-212-400-u2026.txt,text/00526-phy-212-linked-detail-m1-5asy-general-physics-with-calculus-ph-212-400-u2026.fulltext.txt,markdown/00526-phy-212-linked-detail-m1-5asy-general-physics-with-calculus-ph-212-400-u2026.md,,metadata/00526-phy-212-linked-detail-m1-5asy-general-physics-with-calculus-ph-212-400-u2026.json,5f7618e25161df00016e0637ee97477d940b4f5c1a67fba5b21a4edabb0a5e8c,3acc128a415d43977de9cb728f9a30d85c2bc99c269fd17b8a3f187aa5d0de90,2026-07-18T06:35:50.359Z,5,61,2,0,0,0
00527-phy-212-linked-detail-quiz-1-notes,2053526,PHY-212,linked_detail,linked_detail,https://canvas.oregonstate.edu/courses/2053526/assignments/10557097,https://canvas.oregonstate.edu/courses/2053526/assignments/10557097,Quiz 1 Notes,assignment,10557097,2,,yes,raw_html/00527-phy-212-linked-detail-quiz-1-notes.html,text/00527-phy-212-linked-detail-quiz-1-notes.txt,text/00527-phy-212-linked-detail-quiz-1-notes.fulltext.txt,markdown/00527-phy-212-linked-detail-quiz-1-notes.md,,metadata/00527-phy-212-linked-detail-quiz-1-notes.json,06c8b61037f2cf2b8aa0cd5363a25fe8351cf493e11286b9400a7142155545f7,06af015599ae0bacda985e143de35f8a9e020f14bae986f7deb2627272b6ea13,2026-07-18T06:35:52.802Z,2,60,2,0,0,0
00528-phy-212-linked-detail-quiz-1a-asy-remotely-proctored-general-physics-with-calculus-ph-212-400-u2026,2053526,PHY-212,linked_detail,linked_detail,https://canvas.oregonstate.edu/courses/2053526/quizzes/3160453,https://canvas.oregonstate.edu/courses/2053526/quizzes/3160453,Quiz 1A_asy (Remotely Proctored): GENERAL PHYSICS WITH CALCULUS (PH_212_400_U2026),quiz,3160453,2,,,raw_html/00528-phy-212-linked-detail-quiz-1a-asy-remotely-proctored-general-physics-with-calculus-ph-212-400-u2026.html,text/00528-phy-212-linked-detail-quiz-1a-asy-remotely-proctored-general-physics-with-calculus-ph-212-400-u2026.txt,text/00528-phy-212-linked-detail-quiz-1a-asy-remotely-proctored-general-physics-with-calculus-ph-212-400-u2026.fulltext.txt,markdown/00528-phy-212-linked-detail-quiz-1a-asy-remotely-proctored-general-physics-with-calculus-ph-212-400-u2026.md,,metadata/00528-phy-212-linked-detail-quiz-1a-asy-remotely-proctored-general-physics-with-calculus-ph-212-400-u2026.json,efd4ad3244140d94b85d8d2b0cc6decfb255581023200e8a414c222dcfc06014,849e0a277d2632f362e5d008912107243f7257f02e50502591345b64a396e7d6,2026-07-18T06:35:55.408Z,3,49,2,0,0,0
00529-phy-212-linked-detail-quiz-1a-asy-work,2053526,PHY-212,linked_detail,linked_detail,https://canvas.oregonstate.edu/courses/2053526/assignments/10557100,https://canvas.oregonstate.edu/courses/2053526/assignments/10557100,Quiz 1A_asy_work,assignment,10557100,2,,,raw_html/00529-phy-212-linked-detail-quiz-1a-asy-work.html,text/00529-phy-212-linked-detail-quiz-1a-asy-work.txt,text/00529-phy-212-linked-detail-quiz-1a-asy-work.fulltext.txt,markdown/00529-phy-212-linked-detail-quiz-1a-asy-work.md,,metadata/00529-phy-212-linked-detail-quiz-1a-asy-work.json,a83984fc95141adcb838c2b6e0af542d84d8b1217ff27ced69bda8d10c6757c5,bdd176a5d6e282f8f79e871f24061017df0fb5190b4cb346cee1b82bc3747c1c,2026-07-18T06:35:58.152Z,2,60,2,0,0,0
00530-phy-212-linked-detail-quiz-1b-asy-remotely-proctored-general-physics-with-calculus-ph-212-400-u2026,2053526,PHY-212,linked_detail,linked_detail,https://canvas.oregonstate.edu/courses/2053526/assignments/10556989,https://canvas.oregonstate.edu/courses/2053526/quizzes/3160494,Quiz 1B_asy (Remotely Proctored): GENERAL PHYSICS WITH CALCULUS (PH_212_400_U2026),quiz,3160494,2,yes,,raw_html/00530-phy-212-linked-detail-quiz-1b-asy-remotely-proctored-general-physics-with-calculus-ph-212-400-u2026.html,text/00530-phy-212-linked-detail-quiz-1b-asy-remotely-proctored-general-physics-with-calculus-ph-212-400-u2026.txt,text/00530-phy-212-linked-detail-quiz-1b-asy-remotely-proctored-general-physics-with-calculus-ph-212-400-u2026.fulltext.txt,markdown/00530-phy-212-linked-detail-quiz-1b-asy-remotely-proctored-general-physics-with-calculus-ph-212-400-u2026.md,,metadata/00530-phy-212-linked-detail-quiz-1b-asy-remotely-proctored-general-physics-with-calculus-ph-212-400-u2026.json,b9ba889ee52023b4e90d5ae7a36fa71140618a076af9c4694a8617654f2c7e57,fbf93dfa6e1251cddf5e0ebc6b4a78c79d58e1476885aaf30639d9c086874843,2026-07-18T06:36:01.054Z,3,39,2,0,0,0
00531-phy-212-linked-detail-quiz-1b-asy-work,2053526,PHY-212,linked_detail,linked_detail,https://canvas.oregonstate.edu/courses/2053526/assignments/10557103,https://canvas.oregonstate.edu/courses/2053526/assignments/10557103,Quiz 1B_asy_work,assignment,10557103,2,,,raw_html/00531-phy-212-linked-detail-quiz-1b-asy-work.html,text/00531-phy-212-linked-detail-quiz-1b-asy-work.txt,text/00531-phy-212-linked-detail-quiz-1b-asy-work.fulltext.txt,markdown/00531-phy-212-linked-detail-quiz-1b-asy-work.md,,metadata/00531-phy-212-linked-detail-quiz-1b-asy-work.json,b08d0a4e268295bbec62c01e2c25cede62f3a2a6d49ec2bfc1aebd51fd3def9a,72dcf1d33ff6bc13b49a6ea1e263364b2bd187917b7306ed8a5e33bd7c5d1827,2026-07-18T06:36:04.407Z,2,60,2,0,0,0
00532-phy-212-linked-detail-quiz-1a,2053526,PHY-212,linked_detail,linked_detail,https://canvas.oregonstate.edu/courses/2053526/assignments/10557098,https://canvas.oregonstate.edu/courses/2053526/assignments/10557098,Quiz 1A,assignment,10557098,2,,,raw_html/00532-phy-212-linked-detail-quiz-1a.html,text/00532-phy-212-linked-detail-quiz-1a.txt,text/00532-phy-212-linked-detail-quiz-1a.fulltext.txt,markdown/00532-phy-212-linked-detail-quiz-1a.md,,metadata/00532-phy-212-linked-detail-quiz-1a.json,d024ec70615995ce79eafde77b7f89952db528afe38e18e2a9dbce2776fa20d2,cad4a556b04c595f0aecc958821e906b16116a6e07e1bac532279f96554e19ad,2026-07-18T06:36:06.806Z,3,59,2,0,0,0
00533-phy-212-linked-detail-quiz-1a-6pm,2053526,PHY-212,linked_detail,linked_detail,https://canvas.oregonstate.edu/courses/2053526/assignments/10557099,https://canvas.oregonstate.edu/courses/2053526/assignments/10557099,Quiz 1A_6pm,assignment,10557099,2,,,raw_html/00533-phy-212-linked-detail-quiz-1a-6pm.html,text/00533-phy-212-linked-detail-quiz-1a-6pm.txt,text/00533-phy-212-linked-detail-quiz-1a-6pm.fulltext.txt,markdown/00533-phy-212-linked-detail-quiz-1a-6pm.md,,metadata/00533-phy-212-linked-detail-quiz-1a-6pm.json,9f896591af257086eddd7d77bf1497a00c5fcbb4354bf8021906c8afdea641aa,d6a1374de28583e5a08881b5fab625299bfe64e77a5ae4d041c5df17527bcb64,2026-07-18T06:36:09.103Z,2,59,2,0,0,0
00534-phy-212-linked-detail-quiz-1b,2053526,PHY-212,linked_detail,linked_detail,https://canvas.oregonstate.edu/courses/2053526/assignments/10557101,https://canvas.oregonstate.edu/courses/2053526/assignments/10557101,Quiz 1B,assignment,10557101,2,,,raw_html/00534-phy-212-linked-detail-quiz-1b.html,text/00534-phy-212-linked-detail-quiz-1b.txt,text/00534-phy-212-linked-detail-quiz-1b.fulltext.txt,markdown/00534-phy-212-linked-detail-quiz-1b.md,,metadata/00534-phy-212-linked-detail-quiz-1b.json,f7f09dd558dbec0d509c09d813718d65f29025c9fa7b85a97f0f57c0795c3260,4e69bfb52d35daf16e28d235d3e8fe8c063878251ea1b33c1220dc9271982e0f,2026-07-18T06:36:11.556Z,2,59,2,0,0,0
00535-phy-212-linked-detail-quiz-1b-6pm,2053526,PHY-212,linked_detail,linked_detail,https://canvas.oregonstate.edu/courses/2053526/assignments/10557102,https://canvas.oregonstate.edu/courses/2053526/assignments/10557102,Quiz 1B_6pm,assignment,10557102,2,,,raw_html/00535-phy-212-linked-detail-quiz-1b-6pm.html,text/00535-phy-212-linked-detail-quiz-1b-6pm.txt,text/00535-phy-212-linked-detail-quiz-1b-6pm.fulltext.txt,markdown/00535-phy-212-linked-detail-quiz-1b-6pm.md,,metadata/00535-phy-212-linked-detail-quiz-1b-6pm.json,48632e39d5e865ec1e1fc2afe9787394b753e792648adf4010fd440299dc6f75,e4e33f7b33cfa17ef72e0c805661f7602eb2b8a08bdd760310083d2419f26d02,2026-07-18T06:36:13.953Z,2,59,2,0,0,0
00536-phy-212-linked-detail-quiz-1x,2053526,PHY-212,linked_detail,linked_detail,https://canvas.oregonstate.edu/courses/2053526/assignments/10557104,https://canvas.oregonstate.edu/courses/2053526/assignments/10557104,Quiz 1x,assignment,10557104,2,,,raw_html/00536-phy-212-linked-detail-quiz-1x.html,text/00536-phy-212-linked-detail-quiz-1x.txt,text/00536-phy-212-linked-detail-quiz-1x.fulltext.txt,markdown/00536-phy-212-linked-detail-quiz-1x.md,,metadata/00536-phy-212-linked-detail-quiz-1x.json,4cef624c95263e8d16902237eed6bc9340c8d0b874ca79162c67f403ce5036d3,947f2c6ae740f75395d18ae790a73af6bf7622b8a0f9587b7a6af410daf01ac2,2026-07-18T06:36:17.204Z,2,59,2,0,0,0
00537-phy-212-linked-detail-proctorio-practice-quiz-remotely-proctored-general-physics-with-calculus-ph-212-400-u2026,2053526,PHY-212,linked_detail,linked_detail,https://canvas.oregonstate.edu/courses/2053526/quizzes/3160506/take?user_id=6660414,https://canvas.oregonstate.edu/courses/2053526/quizzes/3160506/take?user_id=6660414,Proctorio practice quiz (Remotely Proctored): GENERAL PHYSICS WITH CALCULUS (PH_212_400_U2026),quiz,3160506,2,,,raw_html/00537-phy-212-linked-detail-proctorio-practice-quiz-remotely-proctored-general-physics-with-calculus-ph-212-400-u2026.html,text/00537-phy-212-linked-detail-proctorio-practice-quiz-remotely-proctored-general-physics-with-calculus-ph-212-400-u2026.txt,text/00537-phy-212-linked-detail-proctorio-practice-quiz-remotely-proctored-general-physics-with-calculus-ph-212-400-u2026.fulltext.txt,markdown/00537-phy-212-linked-detail-proctorio-practice-quiz-remotely-proctored-general-physics-with-calculus-ph-212-400-u2026.md,,metadata/00537-phy-212-linked-detail-proctorio-practice-quiz-remotely-proctored-general-physics-with-calculus-ph-212-400-u2026.json,20a3728e541494cb7559686242b180625cb0696773b969f2aa83b7add00ced75,5921d4117babcf82920fa4ba96cbe25ea1ecadb10d8ee68dffda770cffd49f26,2026-07-18T06:36:20.152Z,1,35,2,0,0,0
00538-phy-212-linked-detail-topic-lab-1-discussion-lab-group-22,2053526,PHY-212,linked_detail,linked_detail,https://canvas.oregonstate.edu/courses/2053526/assignments/10557036,https://canvas.oregonstate.edu/groups/733396/discussion_topics/11579973,Topic: Lab 1 Discussion - Lab Group 22,discussion,11579973,2,yes,,raw_html/00538-phy-212-linked-detail-topic-lab-1-discussion-lab-group-22.html,text/00538-phy-212-linked-detail-topic-lab-1-discussion-lab-group-22.txt,text/00538-phy-212-linked-detail-topic-lab-1-discussion-lab-group-22.fulltext.txt,markdown/00538-phy-212-linked-detail-topic-lab-1-discussion-lab-group-22.md,,metadata/00538-phy-212-linked-detail-topic-lab-1-discussion-lab-group-22.json,31f0f01cd14417b1bdad69cc778eba27f528b193345d47d8938188e7e63ee814,e3b0c44298fc1c149afbf4c8996fb92427ae41e4649b934ca495991b7852b855,2026-07-18T06:36:25.203Z,0,25,2,0,0,0
00539-phy-212-linked-detail-lab-1-team-building-and-uncertainty-refresher-general-physics-with-calculus-ph-212-400-u2026,2053526,PHY-212,linked_detail,linked_detail,https://canvas.oregonstate.edu/courses/2053526/pages/lab-1-team-building-and-uncertainty-refresher,https://canvas.oregonstate.edu/courses/2053526/pages/lab-1-team-building-and-uncertainty-refresher,Lab 1: Team Building and Uncertainty Refresher: GENERAL PHYSICS WITH CALCULUS (PH_212_400_U2026),page,lab-1-team-building-and-uncertainty-refresher,2,,,raw_html/00539-phy-212-linked-detail-lab-1-team-building-and-uncertainty-refresher-general-physics-with-calculus-ph-212-400-u2026.html,text/00539-phy-212-linked-detail-lab-1-team-building-and-uncertainty-refresher-general-physics-with-calculus-ph-212-400-u2026.txt,text/00539-phy-212-linked-detail-lab-1-team-building-and-uncertainty-refresher-general-physics-with-calculus-ph-212-400-u2026.fulltext.txt,markdown/00539-phy-212-linked-detail-lab-1-team-building-and-uncertainty-refresher-general-physics-with-calculus-ph-212-400-u2026.md,,metadata/00539-phy-212-linked-detail-lab-1-team-building-and-uncertainty-refresher-general-physics-with-calculus-ph-212-400-u2026.json,c0a510d14a3d9cf5de9003c08dc36f63502a0b7ec03c8d24466e78c57069a668,4efec65e2d8438aa323674eeb153fe954250663c088db9afbac8c515496fd3f6,2026-07-18T06:36:28.557Z,9,40,2,0,0,0
00540-phy-212-linked-detail-lab-1-report,2053526,PHY-212,linked_detail,linked_detail,https://canvas.oregonstate.edu/courses/2053526/assignments/10557057,https://canvas.oregonstate.edu/courses/2053526/assignments/10557057,Lab 1 Report,assignment,10557057,2,,yes,raw_html/00540-phy-212-linked-detail-lab-1-report.html,text/00540-phy-212-linked-detail-lab-1-report.txt,text/00540-phy-212-linked-detail-lab-1-report.fulltext.txt,markdown/00540-phy-212-linked-detail-lab-1-report.md,,metadata/00540-phy-212-linked-detail-lab-1-report.json,a97e97ad072cf5bfaabc638fd3cdb254d00e18b6ec11a3622843468fba8ccccb,1b841ec8c29c612fa2386027715fb4e778f9ae4e48070851be2a3ded38f0eb0b,2026-07-18T06:36:31.206Z,3,59,2,0,0,0
00541-phy-212-linked-detail-lab-partner-values-survey-general-physics-with-calculus-ph-212-400-u2026,2053526,PHY-212,linked_detail,linked_detail,https://canvas.oregonstate.edu/courses/2053526/quizzes/3160536?module_item_id=26896963#,https://canvas.oregonstate.edu/courses/2053526/quizzes/3160536?module_item_id=26896963#,Lab Partner Values Survey: GENERAL PHYSICS WITH CALCULUS (PH_212_400_U2026),quiz,3160536,2,,,raw_html/00541-phy-212-linked-detail-lab-partner-values-survey-general-physics-with-calculus-ph-212-400-u2026.html,text/00541-phy-212-linked-detail-lab-partner-values-survey-general-physics-with-calculus-ph-212-400-u2026.txt,text/00541-phy-212-linked-detail-lab-partner-values-survey-general-physics-with-calculus-ph-212-400-u2026.fulltext.txt,markdown/00541-phy-212-linked-detail-lab-partner-values-survey-general-physics-with-calculus-ph-212-400-u2026.md,,metadata/00541-phy-212-linked-detail-lab-partner-values-survey-general-physics-with-calculus-ph-212-400-u2026.json,011fdd207fd6ada49fb345f93ed297f507b38179592b4833d7f0e9ead174d931,d677d9c1a073aeea27c4d98a8be7045ad0dd731b17ad9b573b3a4c16e4ed1232,2026-07-18T06:36:33.664Z,2,54,2,0,0,0
00542-phy-212-linked-detail-unauthorized,2053526,PHY-212,linked_detail,linked_detail,https://canvas.oregonstate.edu/courses/2053526/quizzes/3160536/questions/59026451,https://canvas.oregonstate.edu/courses/2053526/quizzes/3160536/questions/59026451,Unauthorized,quiz,3160536,2,,,raw_html/00542-phy-212-linked-detail-unauthorized.html,text/00542-phy-212-linked-detail-unauthorized.txt,text/00542-phy-212-linked-detail-unauthorized.fulltext.txt,markdown/00542-phy-212-linked-detail-unauthorized.md,,metadata/00542-phy-212-linked-detail-unauthorized.json,42eb84b640f2608684cb5a4a19a7379e1a402a97fe078d26170236ea2ad353dd,2b62e20d47d477eacda81c2beef0dbb06e7f4e1a1021b68e5f70be2917f36f5b,2026-07-18T06:36:35.701Z,1,13,2,0,0,0
00543-phy-212-linked-detail-unauthorized,2053526,PHY-212,linked_detail,linked_detail,https://canvas.oregonstate.edu/courses/2053526/quizzes/3160536/questions/59026452,https://canvas.oregonstate.edu/courses/2053526/quizzes/3160536/questions/59026452,Unauthorized,quiz,3160536,2,,,raw_html/00543-phy-212-linked-detail-unauthorized.html,text/00543-phy-212-linked-detail-unauthorized.txt,text/00543-phy-212-linked-detail-unauthorized.fulltext.txt,markdown/00543-phy-212-linked-detail-unauthorized.md,,metadata/00543-phy-212-linked-detail-unauthorized.json,e40e3b4d1bf7eab672b4337e185e8688ae000a64237bd6cf65490b94b4f94bf6,2b62e20d47d477eacda81c2beef0dbb06e7f4e1a1021b68e5f70be2917f36f5b,2026-07-18T06:36:37.752Z,1,13,2,0,0,0
00544-phy-212-linked-detail-unauthorized,2053526,PHY-212,linked_detail,linked_detail,https://canvas.oregonstate.edu/courses/2053526/quizzes/3160536/questions/59026453,https://canvas.oregonstate.edu/courses/2053526/quizzes/3160536/questions/59026453,Unauthorized,quiz,3160536,2,,,raw_html/00544-phy-212-linked-detail-unauthorized.html,text/00544-phy-212-linked-detail-unauthorized.txt,text/00544-phy-212-linked-detail-unauthorized.fulltext.txt,markdown/00544-phy-212-linked-detail-unauthorized.md,,metadata/00544-phy-212-linked-detail-unauthorized.json,17376a876414120570ea31633cb52debb08c3276d693a0eb5533309db21254d5,2b62e20d47d477eacda81c2beef0dbb06e7f4e1a1021b68e5f70be2917f36f5b,2026-07-18T06:37:00.016Z,1,13,2,0,0,0
00545-phy-212-linked-detail-unauthorized,2053526,PHY-212,linked_detail,linked_detail,https://canvas.oregonstate.edu/courses/2053526/quizzes/3160536/questions/59026454,https://canvas.oregonstate.edu/courses/2053526/quizzes/3160536/questions/59026454,Unauthorized,quiz,3160536,2,,,raw_html/00545-phy-212-linked-detail-unauthorized.html,text/00545-phy-212-linked-detail-unauthorized.txt,text/00545-phy-212-linked-detail-unauthorized.fulltext.txt,markdown/00545-phy-212-linked-detail-unauthorized.md,,metadata/00545-phy-212-linked-detail-unauthorized.json,e866b0157d7ea4708e316c089a31992ccb65bfa8defae00ed48ec6e3dee1a8b5,2b62e20d47d477eacda81c2beef0dbb06e7f4e1a1021b68e5f70be2917f36f5b,2026-07-18T06:37:02.658Z,1,13,2,0,0,0
00546-phy-212-linked-detail-unauthorized,2053526,PHY-212,linked_detail,linked_detail,https://canvas.oregonstate.edu/courses/2053526/quizzes/3160536/questions/59026455,https://canvas.oregonstate.edu/courses/2053526/quizzes/3160536/questions/59026455,Unauthorized,quiz,3160536,2,,,raw_html/00546-phy-212-linked-detail-unauthorized.html,text/00546-phy-212-linked-detail-unauthorized.txt,text/00546-phy-212-linked-detail-unauthorized.fulltext.txt,markdown/00546-phy-212-linked-detail-unauthorized.md,,metadata/00546-phy-212-linked-detail-unauthorized.json,3715651cd16553879d822fdc580ea7d60b6604c40caabbc91616a990e8b2b34f,2b62e20d47d477eacda81c2beef0dbb06e7f4e1a1021b68e5f70be2917f36f5b,2026-07-18T06:37:05.100Z,1,13,2,0,0,0
00547-phy-212-linked-detail-unauthorized,2053526,PHY-212,linked_detail,linked_detail,https://canvas.oregonstate.edu/courses/2053526/quizzes/3160536/questions/59026456,https://canvas.oregonstate.edu/courses/2053526/quizzes/3160536/questions/59026456,Unauthorized,quiz,3160536,2,,,raw_html/00547-phy-212-linked-detail-unauthorized.html,text/00547-phy-212-linked-detail-unauthorized.txt,text/00547-phy-212-linked-detail-unauthorized.fulltext.txt,markdown/00547-phy-212-linked-detail-unauthorized.md,,metadata/00547-phy-212-linked-detail-unauthorized.json,62bc5b97d3f29480f38aff1d0ca09cde3ceb429ed60ea59f38c0b7fe24d22c55,2b62e20d47d477eacda81c2beef0dbb06e7f4e1a1021b68e5f70be2917f36f5b,2026-07-18T06:37:07.151Z,1,13,2,0,0,0
00548-phy-212-linked-detail-lab-2-uncertainty-propagation-general-physics-with-calculus-ph-212-400-u2026,2053526,PHY-212,linked_detail,linked_detail,https://canvas.oregonstate.edu/courses/2053526/pages/lab-1-uncertainty-propagation,https://canvas.oregonstate.edu/courses/2053526/pages/lab-2-uncertainty-propagation,Lab 2: Uncertainty Propagation: GENERAL PHYSICS WITH CALCULUS (PH_212_400_U2026),page,lab-2-uncertainty-propagation,2,yes,,raw_html/00548-phy-212-linked-detail-lab-2-uncertainty-propagation-general-physics-with-calculus-ph-212-400-u2026.html,text/00548-phy-212-linked-detail-lab-2-uncertainty-propagation-general-physics-with-calculus-ph-212-400-u2026.txt,text/00548-phy-212-linked-detail-lab-2-uncertainty-propagation-general-physics-with-calculus-ph-212-400-u2026.fulltext.txt,markdown/00548-phy-212-linked-detail-lab-2-uncertainty-propagation-general-physics-with-calculus-ph-212-400-u2026.md,,metadata/00548-phy-212-linked-detail-lab-2-uncertainty-propagation-general-physics-with-calculus-ph-212-400-u2026.json,46492d5239c134f9020f895ebe5a3529e7a0b3c9ff86495226eb7178e7e6ea0c,6beda34c66817c6bfddebcf421f9ddd248e9f9eacb93c2cb64f13a0f42052b2f,2026-07-18T06:37:10.714Z,10,39,2,0,0,0
00549-phy-212-linked-detail-lab-structure-and-ta-meetings-pdf-general-physics-with-calculus-ph-212-400-u2026,2053526,PHY-212,linked_detail,linked_detail,https://canvas.oregonstate.edu/courses/2053526/files/119307451?wrap=1,https://canvas.oregonstate.edu/courses/2053526/files/119307451?wrap=1,Lab Structure and TA Meetings.pdf: GENERAL PHYSICS WITH CALCULUS (PH_212_400_U2026),file,119307451,2,,,raw_html/00549-phy-212-linked-detail-lab-structure-and-ta-meetings-pdf-general-physics-with-calculus-ph-212-400-u2026.html,text/00549-phy-212-linked-detail-lab-structure-and-ta-meetings-pdf-general-physics-with-calculus-ph-212-400-u2026.txt,text/00549-phy-212-linked-detail-lab-structure-and-ta-meetings-pdf-general-physics-with-calculus-ph-212-400-u2026.fulltext.txt,markdown/00549-phy-212-linked-detail-lab-structure-and-ta-meetings-pdf-general-physics-with-calculus-ph-212-400-u2026.md,,metadata/00549-phy-212-linked-detail-lab-structure-and-ta-meetings-pdf-general-physics-with-calculus-ph-212-400-u2026.json,19a8450a0b3b9bd376be2cf9d875e5b671c8eaffa64502fd7fc2b5f190f79b55,42cb00dafd27343bf01f1de79b24893faca4a49ffecbad126d2553e735a20778,2026-07-18T06:37:12.802Z,1,38,3,0,0,0
00550-phy-212-linked-detail-lab-2-instructions-general-physics-with-calculus-ph-212-400-u2026,2053526,PHY-212,linked_detail,linked_detail,https://canvas.oregonstate.edu/courses/2053526/pages/lab-2-instructions-2?module_item_id=26896965#,https://canvas.oregonstate.edu/courses/2053526/pages/lab-2-instructions-2?module_item_id=26896965#,Lab 2 Instructions: GENERAL PHYSICS WITH CALCULUS (PH_212_400_U2026),page,lab-2-instructions-2,2,,,raw_html/00550-phy-212-linked-detail-lab-2-instructions-general-physics-with-calculus-ph-212-400-u2026.html,text/00550-phy-212-linked-detail-lab-2-instructions-general-physics-with-calculus-ph-212-400-u2026.txt,text/00550-phy-212-linked-detail-lab-2-instructions-general-physics-with-calculus-ph-212-400-u2026.fulltext.txt,markdown/00550-phy-212-linked-detail-lab-2-instructions-general-physics-with-calculus-ph-212-400-u2026.md,,metadata/00550-phy-212-linked-detail-lab-2-instructions-general-physics-with-calculus-ph-212-400-u2026.json,abd9d1fe8063a76d9dcb43e68be0dc4857a6285e0ac2d94d52b1e2a83b93ef4b,de9dc0eef75ad0941034582ce02e73e1b5c99c0928d2f770126d57c75619a047,2026-07-18T06:37:15.757Z,5,40,2,0,0,0
00551-phy-212-linked-detail-lab-2-group-report,2053526,PHY-212,linked_detail,linked_detail,https://canvas.oregonstate.edu/courses/2053526/assignments/10557058,https://canvas.oregonstate.edu/courses/2053526/assignments/10557058,Lab 2 Group Report,assignment,10557058,2,,yes,raw_html/00551-phy-212-linked-detail-lab-2-group-report.html,text/00551-phy-212-linked-detail-lab-2-group-report.txt,text/00551-phy-212-linked-detail-lab-2-group-report.fulltext.txt,markdown/00551-phy-212-linked-detail-lab-2-group-report.md,,metadata/00551-phy-212-linked-detail-lab-2-group-report.json,e0db05a90bc1131b54f6dcca9cdb69422c127a2d0399a895af0830fdbb496c0f,65432d4e7dfd2fbb3981b129e57eacef6ad6e85602f411078fd47d8320c35ff7,2026-07-18T06:37:18.303Z,3,61,2,0,0,0
00552-phy-212-linked-detail-module-2-rotation-learning-materials-general-physics-with-calculus-ph-212-400-u2026,2053526,PHY-212,linked_detail,linked_detail,https://canvas.oregonstate.edu/courses/2053526/pages/module-2-%7C-rotation-%7C-learning-materials,https://canvas.oregonstate.edu/courses/2053526/pages/module-2-%7C-rotation-%7C-learning-materials,Module 2 | Rotation | Learning Materials: GENERAL PHYSICS WITH CALCULUS (PH_212_400_U2026),page,module-2-%7C-rotation-%7C-learning-materials,2,,,raw_html/00552-phy-212-linked-detail-module-2-rotation-learning-materials-general-physics-with-calculus-ph-212-400-u2026.html,text/00552-phy-212-linked-detail-module-2-rotation-learning-materials-general-physics-with-calculus-ph-212-400-u2026.txt,text/00552-phy-212-linked-detail-module-2-rotation-learning-materials-general-physics-with-calculus-ph-212-400-u2026.fulltext.txt,markdown/00552-phy-212-linked-detail-module-2-rotation-learning-materials-general-physics-with-calculus-ph-212-400-u2026.md,,metadata/00552-phy-212-linked-detail-module-2-rotation-learning-materials-general-physics-with-calculus-ph-212-400-u2026.json,dbb028f28a37a39e11937e85b41b1431e1ef5c4737104efe91817ed6ee7a1d34,3cda00e607c791d620e9b6295d772566a2f5eb16618570870ec59417e1dc89d8,2026-07-18T06:37:20.553Z,4,36,10,0,0,0
00553-phy-212-linked-detail-module-2-rotation-required-activities-general-physics-with-calculus-ph-212-400-u2026,2053526,PHY-212,linked_detail,linked_detail,https://canvas.oregonstate.edu/courses/2053526/pages/module-2-%7C-rotation-%7C-required-activities,https://canvas.oregonstate.edu/courses/2053526/pages/module-2-%7C-rotation-%7C-required-activities,Module 2 | Rotation | Required Activities: GENERAL PHYSICS WITH CALCULUS (PH_212_400_U2026),page,module-2-%7C-rotation-%7C-required-activities,2,,,raw_html/00553-phy-212-linked-detail-module-2-rotation-required-activities-general-physics-with-calculus-ph-212-400-u2026.html,text/00553-phy-212-linked-detail-module-2-rotation-required-activities-general-physics-with-calculus-ph-212-400-u2026.txt,text/00553-phy-212-linked-detail-module-2-rotation-required-activities-general-physics-with-calculus-ph-212-400-u2026.fulltext.txt,markdown/00553-phy-212-linked-detail-module-2-rotation-required-activities-general-physics-with-calculus-ph-212-400-u2026.md,,metadata/00553-phy-212-linked-detail-module-2-rotation-required-activities-general-physics-with-calculus-ph-212-400-u2026.json,f1b14183b07caacdb782c7d42e68dd5d1f2917477c5a04e60ba6e2b97702088e,4df2af73206b753ad6ef6a01b75702253ca793e09d3128bf2d43e49afad5c1f4,2026-07-18T06:37:24.457Z,4,59,2,0,0,0
00554-phy-212-linked-detail-hw-3-center-of-mass-moment-of-inertia-general-physics-with-calculus-ph-212-400-u2026,2053526,PHY-212,linked_detail,linked_detail,https://canvas.oregonstate.edu/courses/2053526/assignments/10556958,https://canvas.oregonstate.edu/courses/2053526/quizzes/3160462,Hw 3 - Center of Mass & Moment of Inertia: GENERAL PHYSICS WITH CALCULUS (PH_212_400_U2026),quiz,3160462,2,yes,,raw_html/00554-phy-212-linked-detail-hw-3-center-of-mass-moment-of-inertia-general-physics-with-calculus-ph-212-400-u2026.html,text/00554-phy-212-linked-detail-hw-3-center-of-mass-moment-of-inertia-general-physics-with-calculus-ph-212-400-u2026.txt,text/00554-phy-212-linked-detail-hw-3-center-of-mass-moment-of-inertia-general-physics-with-calculus-ph-212-400-u2026.fulltext.txt,markdown/00554-phy-212-linked-detail-hw-3-center-of-mass-moment-of-inertia-general-physics-with-calculus-ph-212-400-u2026.md,,metadata/00554-phy-212-linked-detail-hw-3-center-of-mass-moment-of-inertia-general-physics-with-calculus-ph-212-400-u2026.json,520d61e0db5a18314f17dfede1c554018e48d54715bd24d2f9785d72501d0879,156377bee91602290989001f84dd86eda9527d040881db2d09f793c464e2bc45,2026-07-18T06:37:27.808Z,3,67,2,0,0,0
00555-phy-212-linked-detail-hw-4-rotational-dynamics-general-physics-with-calculus-ph-212-400-u2026,2053526,PHY-212,linked_detail,linked_detail,https://canvas.oregonstate.edu/courses/2053526/assignments/10556975,https://canvas.oregonstate.edu/courses/2053526/quizzes/3160480,Hw 4 - Rotational Dynamics: GENERAL PHYSICS WITH CALCULUS (PH_212_400_U2026),quiz,3160480,2,yes,,raw_html/00555-phy-212-linked-detail-hw-4-rotational-dynamics-general-physics-with-calculus-ph-212-400-u2026.html,text/00555-phy-212-linked-detail-hw-4-rotational-dynamics-general-physics-with-calculus-ph-212-400-u2026.txt,text/00555-phy-212-linked-detail-hw-4-rotational-dynamics-general-physics-with-calculus-ph-212-400-u2026.fulltext.txt,markdown/00555-phy-212-linked-detail-hw-4-rotational-dynamics-general-physics-with-calculus-ph-212-400-u2026.md,,metadata/00555-phy-212-linked-detail-hw-4-rotational-dynamics-general-physics-with-calculus-ph-212-400-u2026.json,5fc378926419a3094e5330e25de80d6b37333ee49def515a14dad737fce9c471,9827a78977efd5b4aeb6e5b2fadd048f9eec0e9b89aa6ddc119a1cbbe00317d9,2026-07-18T06:37:31.511Z,2,76,2,0,0,0
00556-phy-212-linked-detail-m2-1pre,2053526,PHY-212,linked_detail,linked_detail,https://canvas.oregonstate.edu/courses/2053526/assignments/10557070,https://canvas.oregonstate.edu/courses/2053526/assignments/10557070,M2-1pre,assignment,10557070,2,,yes,raw_html/00556-phy-212-linked-detail-m2-1pre.html,text/00556-phy-212-linked-detail-m2-1pre.txt,text/00556-phy-212-linked-detail-m2-1pre.fulltext.txt,markdown/00556-phy-212-linked-detail-m2-1pre.md,,metadata/00556-phy-212-linked-detail-m2-1pre.json,2794f25834711973d4120e3483e797bd7f7da7af83868cf676eb1436477ac7da,20dc7a9bc278e48b3f9b988d6e3e2fc7c6f75a8a3a0e7f78144e8d5a0649327e,2026-07-18T06:37:34.504Z,2,61,2,0,0,0
00557-phy-212-linked-detail-m2-2pre-general-physics-with-calculus-ph-212-400-u2026,2053526,PHY-212,linked_detail,linked_detail,https://canvas.oregonstate.edu/courses/2053526/assignments/10556967,https://canvas.oregonstate.edu/courses/2053526/quizzes/3160472,M2-2pre: GENERAL PHYSICS WITH CALCULUS (PH_212_400_U2026),quiz,3160472,2,yes,,raw_html/00557-phy-212-linked-detail-m2-2pre-general-physics-with-calculus-ph-212-400-u2026.html,text/00557-phy-212-linked-detail-m2-2pre-general-physics-with-calculus-ph-212-400-u2026.txt,text/00557-phy-212-linked-detail-m2-2pre-general-physics-with-calculus-ph-212-400-u2026.fulltext.txt,markdown/00557-phy-212-linked-detail-m2-2pre-general-physics-with-calculus-ph-212-400-u2026.md,,metadata/00557-phy-212-linked-detail-m2-2pre-general-physics-with-calculus-ph-212-400-u2026.json,2cd61ee4ab85cda2b3b7632695485f6aa5ebff9c1f5a01d1b9cf392d23051a9c,e3dc36a69e29037cd5a1389a0f7fcd5782cab4f81b79ecd94b5ab3fcc8d097f9,2026-07-18T06:37:37.599Z,2,35,2,0,0,0
00558-phy-212-linked-detail-m2-3pre-general-physics-with-calculus-ph-212-400-u2026,2053526,PHY-212,linked_detail,linked_detail,https://canvas.oregonstate.edu/courses/2053526/assignments/10556938,https://canvas.oregonstate.edu/courses/2053526/quizzes/3160442,M2-3pre: GENERAL PHYSICS WITH CALCULUS (PH_212_400_U2026),quiz,3160442,2,yes,,raw_html/00558-phy-212-linked-detail-m2-3pre-general-physics-with-calculus-ph-212-400-u2026.html,text/00558-phy-212-linked-detail-m2-3pre-general-physics-with-calculus-ph-212-400-u2026.txt,text/00558-phy-212-linked-detail-m2-3pre-general-physics-with-calculus-ph-212-400-u2026.fulltext.txt,markdown/00558-phy-212-linked-detail-m2-3pre-general-physics-with-calculus-ph-212-400-u2026.md,,metadata/00558-phy-212-linked-detail-m2-3pre-general-physics-with-calculus-ph-212-400-u2026.json,6a991cad11c20c6cb1e827f9b9b54029359f51f0bea20d66e3fb4c3d6ff35af0,590e8a97d009e9ec070538f0277e1ab89b055eab9bd5da219eb62b96e7b49a06,2026-07-18T06:37:40.553Z,2,35,2,0,0,0
00559-phy-212-linked-detail-m2-4pre-general-physics-with-calculus-ph-212-400-u2026,2053526,PHY-212,linked_detail,linked_detail,https://canvas.oregonstate.edu/courses/2053526/assignments/10556951,https://canvas.oregonstate.edu/courses/2053526/quizzes/3160455,M2-4pre: GENERAL PHYSICS WITH CALCULUS (PH_212_400_U2026),quiz,3160455,2,yes,,raw_html/00559-phy-212-linked-detail-m2-4pre-general-physics-with-calculus-ph-212-400-u2026.html,text/00559-phy-212-linked-detail-m2-4pre-general-physics-with-calculus-ph-212-400-u2026.txt,text/00559-phy-212-linked-detail-m2-4pre-general-physics-with-calculus-ph-212-400-u2026.fulltext.txt,markdown/00559-phy-212-linked-detail-m2-4pre-general-physics-with-calculus-ph-212-400-u2026.md,,metadata/00559-phy-212-linked-detail-m2-4pre-general-physics-with-calculus-ph-212-400-u2026.json,e5b40e926e6bb22ae052029497adb543831172faba1ab1f6b6da0d315b4cc4d2,fce7b9590629d7fdd0100e48b733984d13f519847f009f8a8cdd1f6b438edeb6,2026-07-18T06:37:43.357Z,2,35,2,0,0,0
00560-phy-212-linked-detail-m2-5pre-general-physics-with-calculus-ph-212-400-u2026,2053526,PHY-212,linked_detail,linked_detail,https://canvas.oregonstate.edu/courses/2053526/assignments/10556991,https://canvas.oregonstate.edu/courses/2053526/quizzes/3160496,M2-5pre: GENERAL PHYSICS WITH CALCULUS (PH_212_400_U2026),quiz,3160496,2,yes,,raw_html/00560-phy-212-linked-detail-m2-5pre-general-physics-with-calculus-ph-212-400-u2026.html,text/00560-phy-212-linked-detail-m2-5pre-general-physics-with-calculus-ph-212-400-u2026.txt,text/00560-phy-212-linked-detail-m2-5pre-general-physics-with-calculus-ph-212-400-u2026.fulltext.txt,markdown/00560-phy-212-linked-detail-m2-5pre-general-physics-with-calculus-ph-212-400-u2026.md,,metadata/00560-phy-212-linked-detail-m2-5pre-general-physics-with-calculus-ph-212-400-u2026.json,651b8169557aaedd22f6c4f922ebd4c7135bb0c25e946f3bb5e0978b955f9131,0de925b8505c07b2787f255cb629ebf39c93ec08480c72d9a176777dc0a42823,2026-07-18T06:37:46.256Z,2,35,2,0,0,0
00561-phy-212-linked-detail-m2-6pre-general-physics-with-calculus-ph-212-400-u2026,2053526,PHY-212,linked_detail,linked_detail,https://canvas.oregonstate.edu/courses/2053526/assignments/10557015,https://canvas.oregonstate.edu/courses/2053526/quizzes/3160521,M2-6pre: GENERAL PHYSICS WITH CALCULUS (PH_212_400_U2026),quiz,3160521,2,yes,,raw_html/00561-phy-212-linked-detail-m2-6pre-general-physics-with-calculus-ph-212-400-u2026.html,text/00561-phy-212-linked-detail-m2-6pre-general-physics-with-calculus-ph-212-400-u2026.txt,text/00561-phy-212-linked-detail-m2-6pre-general-physics-with-calculus-ph-212-400-u2026.fulltext.txt,markdown/00561-phy-212-linked-detail-m2-6pre-general-physics-with-calculus-ph-212-400-u2026.md,,metadata/00561-phy-212-linked-detail-m2-6pre-general-physics-with-calculus-ph-212-400-u2026.json,a900d2e7b52d08dde835d260ba77b3180e5497a2690eaf852e3e5b7f62c32ad9,4dd89a7c290f035fea16130ffff7340907611beae6165e1a431ca803e76f3dc3,2026-07-18T06:37:49.070Z,2,35,2,0,0,0
00562-phy-212-linked-detail-m2-1asy-general-physics-with-calculus-ph-212-400-u2026,2053526,PHY-212,linked_detail,linked_detail,https://canvas.oregonstate.edu/courses/2053526/assignments/10556947,https://canvas.oregonstate.edu/courses/2053526/quizzes/3160451,M2-1asy: GENERAL PHYSICS WITH CALCULUS (PH_212_400_U2026),quiz,3160451,2,yes,,raw_html/00562-phy-212-linked-detail-m2-1asy-general-physics-with-calculus-ph-212-400-u2026.html,text/00562-phy-212-linked-detail-m2-1asy-general-physics-with-calculus-ph-212-400-u2026.txt,text/00562-phy-212-linked-detail-m2-1asy-general-physics-with-calculus-ph-212-400-u2026.fulltext.txt,markdown/00562-phy-212-linked-detail-m2-1asy-general-physics-with-calculus-ph-212-400-u2026.md,,metadata/00562-phy-212-linked-detail-m2-1asy-general-physics-with-calculus-ph-212-400-u2026.json,f28b9f4f1ee16c8d19dec5840dffcc370b8f59537b79ac54331f96c995913ebf,fc172b0da48b3cdc679e90a86c464dcc2d0e79c7742d21251e2f2c243c6bf10b,2026-07-18T06:37:52.404Z,4,36,2,0,0,0
00563-phy-212-linked-detail-m2-2asy-general-physics-with-calculus-ph-212-400-u2026,2053526,PHY-212,linked_detail,linked_detail,https://canvas.oregonstate.edu/courses/2053526/assignments/10557020,https://canvas.oregonstate.edu/courses/2053526/quizzes/3160527,M2-2asy: GENERAL PHYSICS WITH CALCULUS (PH_212_400_U2026),quiz,3160527,2,yes,,raw_html/00563-phy-212-linked-detail-m2-2asy-general-physics-with-calculus-ph-212-400-u2026.html,text/00563-phy-212-linked-detail-m2-2asy-general-physics-with-calculus-ph-212-400-u2026.txt,text/00563-phy-212-linked-detail-m2-2asy-general-physics-with-calculus-ph-212-400-u2026.fulltext.txt,markdown/00563-phy-212-linked-detail-m2-2asy-general-physics-with-calculus-ph-212-400-u2026.md,,metadata/00563-phy-212-linked-detail-m2-2asy-general-physics-with-calculus-ph-212-400-u2026.json,4aa6e452b99d68fe63821052cc97c1f74b7769d1f75b24d28d9adb9167fff4fc,4f12cafe363dab2c35943913b3dfa11442c570562eb2c623b121ecb1cde30a1b,2026-07-18T06:37:55.105Z,4,36,2,0,0,0
00564-phy-212-linked-detail-m2-3asy-general-physics-with-calculus-ph-212-400-u2026,2053526,PHY-212,linked_detail,linked_detail,https://canvas.oregonstate.edu/courses/2053526/assignments/10557027,https://canvas.oregonstate.edu/courses/2053526/quizzes/3160534,M2-3asy: GENERAL PHYSICS WITH CALCULUS (PH_212_400_U2026),quiz,3160534,2,yes,,raw_html/00564-phy-212-linked-detail-m2-3asy-general-physics-with-calculus-ph-212-400-u2026.html,text/00564-phy-212-linked-detail-m2-3asy-general-physics-with-calculus-ph-212-400-u2026.txt,text/00564-phy-212-linked-detail-m2-3asy-general-physics-with-calculus-ph-212-400-u2026.fulltext.txt,markdown/00564-phy-212-linked-detail-m2-3asy-general-physics-with-calculus-ph-212-400-u2026.md,,metadata/00564-phy-212-linked-detail-m2-3asy-general-physics-with-calculus-ph-212-400-u2026.json,0aabc89d0556b101ef5deb08e1b321a2ea36d5e692955ac4f2049725142b3b05,ffbf049a8b2476bc6a349e86ed1b1c956c4f3ed343dbe6fcae2a8191cde2e362,2026-07-18T06:37:57.846Z,4,36,2,0,0,0
00565-phy-212-linked-detail-m2-4asy-general-physics-with-calculus-ph-212-400-u2026,2053526,PHY-212,linked_detail,linked_detail,https://canvas.oregonstate.edu/courses/2053526/assignments/10556937,https://canvas.oregonstate.edu/courses/2053526/quizzes/3160441,M2-4asy: GENERAL PHYSICS WITH CALCULUS (PH_212_400_U2026),quiz,3160441,2,yes,,raw_html/00565-phy-212-linked-detail-m2-4asy-general-physics-with-calculus-ph-212-400-u2026.html,text/00565-phy-212-linked-detail-m2-4asy-general-physics-with-calculus-ph-212-400-u2026.txt,text/00565-phy-212-linked-detail-m2-4asy-general-physics-with-calculus-ph-212-400-u2026.fulltext.txt,markdown/00565-phy-212-linked-detail-m2-4asy-general-physics-with-calculus-ph-212-400-u2026.md,,metadata/00565-phy-212-linked-detail-m2-4asy-general-physics-with-calculus-ph-212-400-u2026.json,295d492cd8e64c31943c90e051366a0270be9bbe85af1a9c37fcc5b74ae8db0a,2bf6cd251dfe008ddde0e047ff02a915b9e3dbcf10ad43e80a6c95ca228fa364,2026-07-18T06:38:00.654Z,4,36,2,0,0,0
00566-phy-212-linked-detail-m2-5asy-general-physics-with-calculus-ph-212-400-u2026,2053526,PHY-212,linked_detail,linked_detail,https://canvas.oregonstate.edu/courses/2053526/assignments/10556959,https://canvas.oregonstate.edu/courses/2053526/quizzes/3160463,M2-5asy: GENERAL PHYSICS WITH CALCULUS (PH_212_400_U2026),quiz,3160463,2,yes,,raw_html/00566-phy-212-linked-detail-m2-5asy-general-physics-with-calculus-ph-212-400-u2026.html,text/00566-phy-212-linked-detail-m2-5asy-general-physics-with-calculus-ph-212-400-u2026.txt,text/00566-phy-212-linked-detail-m2-5asy-general-physics-with-calculus-ph-212-400-u2026.fulltext.txt,markdown/00566-phy-212-linked-detail-m2-5asy-general-physics-with-calculus-ph-212-400-u2026.md,,metadata/00566-phy-212-linked-detail-m2-5asy-general-physics-with-calculus-ph-212-400-u2026.json,abe015304fed0f9658fbc1cf69c55c51ad674c700826b37eafaf4039e4da496f,af5a026e1667c459ca10e626af7ff6c66ea388f6ceca6ae3b435b81231624fea,2026-07-18T06:38:03.603Z,4,36,2,0,0,0
00567-phy-212-linked-detail-quiz-2-notes,2053526,PHY-212,linked_detail,linked_detail,https://canvas.oregonstate.edu/courses/2053526/assignments/10557105,https://canvas.oregonstate.edu/courses/2053526/assignments/10557105,Quiz 2 Notes,assignment,10557105,2,,yes,raw_html/00567-phy-212-linked-detail-quiz-2-notes.html,text/00567-phy-212-linked-detail-quiz-2-notes.txt,text/00567-phy-212-linked-detail-quiz-2-notes.fulltext.txt,markdown/00567-phy-212-linked-detail-quiz-2-notes.md,,metadata/00567-phy-212-linked-detail-quiz-2-notes.json,c168e9dd89c028026ca3ef7ab16becc1f2c367ee9fc7b4065b2e645ad9476986,2511747bbd390cc93e91e8cee75743e2a38ea8a9eb03ca7644269f0abc4f0e33,2026-07-18T06:38:05.905Z,2,59,2,0,0,0
00568-phy-212-linked-detail-quiz-2a-asy-remotely-proctored-general-physics-with-calculus-ph-212-400-u2026,2053526,PHY-212,linked_detail,linked_detail,https://canvas.oregonstate.edu/courses/2053526/quizzes/3160535,https://canvas.oregonstate.edu/courses/2053526/quizzes/3160535,Quiz 2A_asy (Remotely Proctored): GENERAL PHYSICS WITH CALCULUS (PH_212_400_U2026),quiz,3160535,2,,,raw_html/00568-phy-212-linked-detail-quiz-2a-asy-remotely-proctored-general-physics-with-calculus-ph-212-400-u2026.html,text/00568-phy-212-linked-detail-quiz-2a-asy-remotely-proctored-general-physics-with-calculus-ph-212-400-u2026.txt,text/00568-phy-212-linked-detail-quiz-2a-asy-remotely-proctored-general-physics-with-calculus-ph-212-400-u2026.fulltext.txt,markdown/00568-phy-212-linked-detail-quiz-2a-asy-remotely-proctored-general-physics-with-calculus-ph-212-400-u2026.md,,metadata/00568-phy-212-linked-detail-quiz-2a-asy-remotely-proctored-general-physics-with-calculus-ph-212-400-u2026.json,17eb6f9c801fe496959e47e70cd5f515f58a4e3ace6d7067c34b5b9403f68585,436aea490b9a4ec56a053f4b98c1054c163f783b2e037ca61e4c3b1103246115,2026-07-18T06:38:08.453Z,1,34,2,0,0,0
00569-phy-212-linked-detail-quiz-2a-asy-work,2053526,PHY-212,linked_detail,linked_detail,https://canvas.oregonstate.edu/courses/2053526/assignments/10557108,https://canvas.oregonstate.edu/courses/2053526/assignments/10557108,Quiz 2A_asy_work,assignment,10557108,2,,,raw_html/00569-phy-212-linked-detail-quiz-2a-asy-work.html,text/00569-phy-212-linked-detail-quiz-2a-asy-work.txt,text/00569-phy-212-linked-detail-quiz-2a-asy-work.fulltext.txt,markdown/00569-phy-212-linked-detail-quiz-2a-asy-work.md,,metadata/00569-phy-212-linked-detail-quiz-2a-asy-work.json,3aafc8dca2218252c932a26c6841b977a07d1e676c99da32d293b5741473671b,2ca6111590ee35d976f26a3bc6e0e18800bfff73bad35f17619aff112229228b,2026-07-18T06:38:10.856Z,2,59,2,0,0,0
00570-phy-212-linked-detail-quiz-2b-asy-remotely-proctored-general-physics-with-calculus-ph-212-400-u2026,2053526,PHY-212,linked_detail,linked_detail,https://canvas.oregonstate.edu/courses/2053526/assignments/10556998,https://canvas.oregonstate.edu/courses/2053526/quizzes/3160503,Quiz 2B_asy (Remotely Proctored): GENERAL PHYSICS WITH CALCULUS (PH_212_400_U2026),quiz,3160503,2,yes,,raw_html/00570-phy-212-linked-detail-quiz-2b-asy-remotely-proctored-general-physics-with-calculus-ph-212-400-u2026.html,text/00570-phy-212-linked-detail-quiz-2b-asy-remotely-proctored-general-physics-with-calculus-ph-212-400-u2026.txt,text/00570-phy-212-linked-detail-quiz-2b-asy-remotely-proctored-general-physics-with-calculus-ph-212-400-u2026.fulltext.txt,markdown/00570-phy-212-linked-detail-quiz-2b-asy-remotely-proctored-general-physics-with-calculus-ph-212-400-u2026.md,,metadata/00570-phy-212-linked-detail-quiz-2b-asy-remotely-proctored-general-physics-with-calculus-ph-212-400-u2026.json,83c7b1321db6eac9de52286fd8630fed77ef654d5d431d278d5aef0c81687d10,f4e78acb66ef6ac98f4e600f546743e3dbb05419d7f7c526b51bb9c818331bb7,2026-07-18T06:38:13.601Z,1,34,2,0,0,0
00571-phy-212-linked-detail-quiz-2b-asy-work,2053526,PHY-212,linked_detail,linked_detail,https://canvas.oregonstate.edu/courses/2053526/assignments/10557111,https://canvas.oregonstate.edu/courses/2053526/assignments/10557111,Quiz 2B_asy_work,assignment,10557111,2,,,raw_html/00571-phy-212-linked-detail-quiz-2b-asy-work.html,text/00571-phy-212-linked-detail-quiz-2b-asy-work.txt,text/00571-phy-212-linked-detail-quiz-2b-asy-work.fulltext.txt,markdown/00571-phy-212-linked-detail-quiz-2b-asy-work.md,,metadata/00571-phy-212-linked-detail-quiz-2b-asy-work.json,161ae216cc85fbc88e363563668e3c2ca008f76963835ead8d35fb617ea9fee7,0fde9071e36cf799644ce388971153fe5062b34f7e835fb9521536ebc0259646,2026-07-18T06:38:16.327Z,2,59,2,0,0,0
00572-phy-212-linked-detail-quiz-2a,2053526,PHY-212,linked_detail,linked_detail,https://canvas.oregonstate.edu/courses/2053526/assignments/10557106,https://canvas.oregonstate.edu/courses/2053526/assignments/10557106,Quiz 2A,assignment,10557106,2,,,raw_html/00572-phy-212-linked-detail-quiz-2a.html,text/00572-phy-212-linked-detail-quiz-2a.txt,text/00572-phy-212-linked-detail-quiz-2a.fulltext.txt,markdown/00572-phy-212-linked-detail-quiz-2a.md,,metadata/00572-phy-212-linked-detail-quiz-2a.json,a495fe6f71fa90ac78d34d8bd7c62dd2905ef8855b3ae6fb72e2f661b7a52de7,23190c19ab5df23a803794e03474a5c6ba69d67f5c781b628fec4a0076e08263,2026-07-18T06:38:18.862Z,2,59,2,0,0,0
00573-phy-212-linked-detail-quiz-2a-6pm,2053526,PHY-212,linked_detail,linked_detail,https://canvas.oregonstate.edu/courses/2053526/assignments/10557107,https://canvas.oregonstate.edu/courses/2053526/assignments/10557107,Quiz 2A_6pm,assignment,10557107,2,,,raw_html/00573-phy-212-linked-detail-quiz-2a-6pm.html,text/00573-phy-212-linked-detail-quiz-2a-6pm.txt,text/00573-phy-212-linked-detail-quiz-2a-6pm.fulltext.txt,markdown/00573-phy-212-linked-detail-quiz-2a-6pm.md,,metadata/00573-phy-212-linked-detail-quiz-2a-6pm.json,61f1daf87ed2b9d01b8367600430bf336165ea2f4dce5c51bb449000d67d640a,11106a4d0c67915c4a0646b3f255fdfb94e05f5da25a11f2fa361f0d697d1d2b,2026-07-18T06:38:21.336Z,2,59,2,0,0,0
00574-phy-212-linked-detail-quiz-2b,2053526,PHY-212,linked_detail,linked_detail,https://canvas.oregonstate.edu/courses/2053526/assignments/10557109,https://canvas.oregonstate.edu/courses/2053526/assignments/10557109,Quiz 2B,assignment,10557109,2,,,raw_html/00574-phy-212-linked-detail-quiz-2b.html,text/00574-phy-212-linked-detail-quiz-2b.txt,text/00574-phy-212-linked-detail-quiz-2b.fulltext.txt,markdown/00574-phy-212-linked-detail-quiz-2b.md,,metadata/00574-phy-212-linked-detail-quiz-2b.json,a522a50375171215d55b68090e5bb0e324c17d1220d187f847e4d0c01503ff68,039154417e5ce94c462b8229e60552ce74326e3f79cf4748048719e861defad0,2026-07-18T06:38:23.870Z,2,59,2,0,0,0
00575-phy-212-linked-detail-quiz-2b-6pm,2053526,PHY-212,linked_detail,linked_detail,https://canvas.oregonstate.edu/courses/2053526/assignments/10557110,https://canvas.oregonstate.edu/courses/2053526/assignments/10557110,Quiz 2B_6pm,assignment,10557110,2,,,raw_html/00575-phy-212-linked-detail-quiz-2b-6pm.html,text/00575-phy-212-linked-detail-quiz-2b-6pm.txt,text/00575-phy-212-linked-detail-quiz-2b-6pm.fulltext.txt,markdown/00575-phy-212-linked-detail-quiz-2b-6pm.md,,metadata/00575-phy-212-linked-detail-quiz-2b-6pm.json,ad3b1a1d1cd574b83445200912f8a6e1cd1f41e808abf8de858cc6fc8b69a506,698288a3863b6ac1c42114a20daf645180a488524a52c89bf5c8b488c5dc7f5a,2026-07-18T06:38:26.506Z,2,59,2,0,0,0
00576-phy-212-linked-detail-unauthorized,2053526,PHY-212,linked_detail,linked_detail,https://canvas.oregonstate.edu/courses/2053526/assignments/10557112,https://canvas.oregonstate.edu/courses/2053526/assignments/10557112,Unauthorized,assignment,10557112,2,,,raw_html/00576-phy-212-linked-detail-unauthorized.html,text/00576-phy-212-linked-detail-unauthorized.txt,text/00576-phy-212-linked-detail-unauthorized.fulltext.txt,markdown/00576-phy-212-linked-detail-unauthorized.md,,metadata/00576-phy-212-linked-detail-unauthorized.json,c4e933b46c82fec0276de8d2bf8afe9520d5e059647725c9b7a633dfe23ad905,2b62e20d47d477eacda81c2beef0dbb06e7f4e1a1021b68e5f70be2917f36f5b,2026-07-18T06:38:28.654Z,1,13,2,0,0,0
00577-phy-212-linked-detail-lab-3-hypothesis-testing-general-physics-with-calculus-ph-212-400-u2026,2053526,PHY-212,linked_detail,linked_detail,https://canvas.oregonstate.edu/courses/2053526/pages/lab-2-hypothesis-testing,https://canvas.oregonstate.edu/courses/2053526/pages/lab-3-hypothesis-testing,Lab 3 Hypothesis Testing: GENERAL PHYSICS WITH CALCULUS (PH_212_400_U2026),page,lab-3-hypothesis-testing,2,yes,,raw_html/00577-phy-212-linked-detail-lab-3-hypothesis-testing-general-physics-with-calculus-ph-212-400-u2026.html,text/00577-phy-212-linked-detail-lab-3-hypothesis-testing-general-physics-with-calculus-ph-212-400-u2026.txt,text/00577-phy-212-linked-detail-lab-3-hypothesis-testing-general-physics-with-calculus-ph-212-400-u2026.fulltext.txt,markdown/00577-phy-212-linked-detail-lab-3-hypothesis-testing-general-physics-with-calculus-ph-212-400-u2026.md,,metadata/00577-phy-212-linked-detail-lab-3-hypothesis-testing-general-physics-with-calculus-ph-212-400-u2026.json,5528800308686c8b8e6434004d5651745e50300fd062697b7b49aab81ca37c23,886aaa83999bf06cf9b83e5f4b048cf62bfe507ecc33ad1a534f02d499a836bc,2026-07-18T06:38:31.861Z,13,36,2,0,0,0
00578-phy-212-linked-detail-lab-3-group-report,2053526,PHY-212,linked_detail,linked_detail,https://canvas.oregonstate.edu/courses/2053526/assignments/10557059,https://canvas.oregonstate.edu/courses/2053526/assignments/10557059,Lab 3 Group report,assignment,10557059,2,,yes,raw_html/00578-phy-212-linked-detail-lab-3-group-report.html,text/00578-phy-212-linked-detail-lab-3-group-report.txt,text/00578-phy-212-linked-detail-lab-3-group-report.fulltext.txt,markdown/00578-phy-212-linked-detail-lab-3-group-report.md,,metadata/00578-phy-212-linked-detail-lab-3-group-report.json,35ceafe2eeb62912b889c150969fb890b95032dab4e8630b1631ffbe4b93af25,794b44c8a1635206fbe29ad61a10601b86a5fff115fbc5be3027dcfc983371e9,2026-07-18T06:38:34.459Z,3,60,2,0,0,0
00579-phy-212-linked-detail-ph211-excel-skills-ref-xlsx-general-physics-with-calculus-ph-212-400-u2026,2053526,PHY-212,linked_detail,linked_detail,https://canvas.oregonstate.edu/courses/2053526/files/118706030?wrap=1,https://canvas.oregonstate.edu/courses/2053526/files/118706030?wrap=1,PH211_Excel-Skills-Ref.xlsx: GENERAL PHYSICS WITH CALCULUS (PH_212_400_U2026),file,118706030,2,,,raw_html/00579-phy-212-linked-detail-ph211-excel-skills-ref-xlsx-general-physics-with-calculus-ph-212-400-u2026.html,text/00579-phy-212-linked-detail-ph211-excel-skills-ref-xlsx-general-physics-with-calculus-ph-212-400-u2026.txt,text/00579-phy-212-linked-detail-ph211-excel-skills-ref-xlsx-general-physics-with-calculus-ph-212-400-u2026.fulltext.txt,markdown/00579-phy-212-linked-detail-ph211-excel-skills-ref-xlsx-general-physics-with-calculus-ph-212-400-u2026.md,,metadata/00579-phy-212-linked-detail-ph211-excel-skills-ref-xlsx-general-physics-with-calculus-ph-212-400-u2026.json,644f9c4ebad59d3b4f6c45d88e4a72abc4980003f75072863156a1d8c79ce70d,1490cf06608d454cba0dfff0000a4d93818912e66d1820cf92d967f6cd1d87fc,2026-07-18T06:38:36.954Z,1,35,3,0,0,0
00580-phy-212-linked-detail-ph211-basic-excel-workflows-pptx-general-physics-with-calculus-ph-212-400-u2026,2053526,PHY-212,linked_detail,linked_detail,https://canvas.oregonstate.edu/courses/2053526/files/118706028?wrap=1,https://canvas.oregonstate.edu/courses/2053526/files/118706028?wrap=1,PH211_Basic-Excel-Workflows.pptx: GENERAL PHYSICS WITH CALCULUS (PH_212_400_U2026),file,118706028,2,,,raw_html/00580-phy-212-linked-detail-ph211-basic-excel-workflows-pptx-general-physics-with-calculus-ph-212-400-u2026.html,text/00580-phy-212-linked-detail-ph211-basic-excel-workflows-pptx-general-physics-with-calculus-ph-212-400-u2026.txt,text/00580-phy-212-linked-detail-ph211-basic-excel-workflows-pptx-general-physics-with-calculus-ph-212-400-u2026.fulltext.txt,markdown/00580-phy-212-linked-detail-ph211-basic-excel-workflows-pptx-general-physics-with-calculus-ph-212-400-u2026.md,,metadata/00580-phy-212-linked-detail-ph211-basic-excel-workflows-pptx-general-physics-with-calculus-ph-212-400-u2026.json,bbb09ca0158769e321fa1eb0ef43edc543abba326f458f4febaf9b939716093d,cd01c1f2cebe01804825ab51517c697b04b8a91feef6c4ef0ba90e1303c6aa15,2026-07-18T06:38:39.705Z,1,36,3,0,0,0
00581-phy-212-linked-detail-ph211-data-time-distance-txt-general-physics-with-calculus-ph-212-400-u2026,2053526,PHY-212,linked_detail,linked_detail,https://canvas.oregonstate.edu/courses/2053526/files/118706032?wrap=1,https://canvas.oregonstate.edu/courses/2053526/files/118706032?wrap=1,PH211_DATA_time-distance.txt: GENERAL PHYSICS WITH CALCULUS (PH_212_400_U2026),file,118706032,2,,,raw_html/00581-phy-212-linked-detail-ph211-data-time-distance-txt-general-physics-with-calculus-ph-212-400-u2026.html,text/00581-phy-212-linked-detail-ph211-data-time-distance-txt-general-physics-with-calculus-ph-212-400-u2026.txt,text/00581-phy-212-linked-detail-ph211-data-time-distance-txt-general-physics-with-calculus-ph-212-400-u2026.fulltext.txt,markdown/00581-phy-212-linked-detail-ph211-data-time-distance-txt-general-physics-with-calculus-ph-212-400-u2026.md,,metadata/00581-phy-212-linked-detail-ph211-data-time-distance-txt-general-physics-with-calculus-ph-212-400-u2026.json,33c9cd729524a0bf9ba51d29e5c60396a609959e0cd8f0c246e8cf493eab7b98,777bad3ff3bdd8013dcb8c75953802583045c25c35c5c118e4387a891fd53a5d,2026-07-18T06:38:42.006Z,1,35,3,0,0,0
00582-phy-212-linked-detail-ph211-excel-data-analysis-pptx-general-physics-with-calculus-ph-212-400-u2026,2053526,PHY-212,linked_detail,linked_detail,https://canvas.oregonstate.edu/courses/2053526/files/118706035?wrap=1,https://canvas.oregonstate.edu/courses/2053526/files/118706035?wrap=1,PH211_Excel-Data-Analysis.pptx: GENERAL PHYSICS WITH CALCULUS (PH_212_400_U2026),file,118706035,2,,,raw_html/00582-phy-212-linked-detail-ph211-excel-data-analysis-pptx-general-physics-with-calculus-ph-212-400-u2026.html,text/00582-phy-212-linked-detail-ph211-excel-data-analysis-pptx-general-physics-with-calculus-ph-212-400-u2026.txt,text/00582-phy-212-linked-detail-ph211-excel-data-analysis-pptx-general-physics-with-calculus-ph-212-400-u2026.fulltext.txt,markdown/00582-phy-212-linked-detail-ph211-excel-data-analysis-pptx-general-physics-with-calculus-ph-212-400-u2026.md,,metadata/00582-phy-212-linked-detail-ph211-excel-data-analysis-pptx-general-physics-with-calculus-ph-212-400-u2026.json,aac4a745e82622b731a574bb49bbcb9982b5b44740c43e9ce17cb4777aa67a49,07380c561351f2533d00a7953fb6c376eb22a6838e80fd9d10f68f451a08875d,2026-07-18T06:38:44.454Z,1,36,3,0,0,0
00583-phy-212-linked-detail-ph211-excel-derivitives-integrals-pptx-general-physics-with-calculus-ph-212-400-u2026,2053526,PHY-212,linked_detail,linked_detail,https://canvas.oregonstate.edu/courses/2053526/files/118706027?wrap=1,https://canvas.oregonstate.edu/courses/2053526/files/118706027?wrap=1,PH211_Excel-Derivitives-Integrals.pptx: GENERAL PHYSICS WITH CALCULUS (PH_212_400_U2026),file,118706027,2,,,raw_html/00583-phy-212-linked-detail-ph211-excel-derivitives-integrals-pptx-general-physics-with-calculus-ph-212-400-u2026.html,text/00583-phy-212-linked-detail-ph211-excel-derivitives-integrals-pptx-general-physics-with-calculus-ph-212-400-u2026.txt,text/00583-phy-212-linked-detail-ph211-excel-derivitives-integrals-pptx-general-physics-with-calculus-ph-212-400-u2026.fulltext.txt,markdown/00583-phy-212-linked-detail-ph211-excel-derivitives-integrals-pptx-general-physics-with-calculus-ph-212-400-u2026.md,,metadata/00583-phy-212-linked-detail-ph211-excel-derivitives-integrals-pptx-general-physics-with-calculus-ph-212-400-u2026.json,95924af40c93966e305979ae3721aa3fe939ba66d7cb3146312796c4664ffa54,f186f8cb72af4c2f26e340f5fce71f0fede4e19d9044a0efa93a29cfd1b4df4f,2026-07-18T06:38:46.806Z,1,36,3,0,0,0
00584-phy-212-linked-detail-module-4-oscillations-learning-materials-general-physics-with-calculus-ph-212-400-u2026,2053526,PHY-212,linked_detail,linked_detail,https://canvas.oregonstate.edu/courses/2053526/pages/module-3-%7C-oscillations-%7C-learning-materials?wrap=1,https://canvas.oregonstate.edu/courses/2053526/pages/module-4-%7C-oscillations-%7C-learning-materials,Module 4 | Oscillations | Learning Materials: GENERAL PHYSICS WITH CALCULUS (PH_212_400_U2026),page,module-4-%7C-oscillations-%7C-learning-materials,2,yes,,raw_html/00584-phy-212-linked-detail-module-4-oscillations-learning-materials-general-physics-with-calculus-ph-212-400-u2026.html,text/00584-phy-212-linked-detail-module-4-oscillations-learning-materials-general-physics-with-calculus-ph-212-400-u2026.txt,text/00584-phy-212-linked-detail-module-4-oscillations-learning-materials-general-physics-with-calculus-ph-212-400-u2026.fulltext.txt,markdown/00584-phy-212-linked-detail-module-4-oscillations-learning-materials-general-physics-with-calculus-ph-212-400-u2026.md,,metadata/00584-phy-212-linked-detail-module-4-oscillations-learning-materials-general-physics-with-calculus-ph-212-400-u2026.json,5c94992bd321d1e2a125f1d274ed0e0fe076eeff82c795997db07851ea570dc6,ab2d96eac75d71aa6a72805401ff0e4db5598cfd7beeb93d914194e70c52b9d3,2026-07-18T06:38:49.956Z,4,37,3,0,0,0
00585-phy-212-linked-detail-module-3-gravity-learning-materials-general-physics-with-calculus-ph-212-400-u2026,2053526,PHY-212,linked_detail,linked_detail,https://canvas.oregonstate.edu/courses/2053526/pages/module-7-%7C-gravity-%7C-learning-materials?wrap=1,https://canvas.oregonstate.edu/courses/2053526/pages/module-3-%7C-gravity-%7C-learning-materials,Module 3 | Gravity | Learning Materials: GENERAL PHYSICS WITH CALCULUS (PH_212_400_U2026),page,module-3-%7C-gravity-%7C-learning-materials,2,yes,,raw_html/00585-phy-212-linked-detail-module-3-gravity-learning-materials-general-physics-with-calculus-ph-212-400-u2026.html,text/00585-phy-212-linked-detail-module-3-gravity-learning-materials-general-physics-with-calculus-ph-212-400-u2026.txt,text/00585-phy-212-linked-detail-module-3-gravity-learning-materials-general-physics-with-calculus-ph-212-400-u2026.fulltext.txt,markdown/00585-phy-212-linked-detail-module-3-gravity-learning-materials-general-physics-with-calculus-ph-212-400-u2026.md,,metadata/00585-phy-212-linked-detail-module-3-gravity-learning-materials-general-physics-with-calculus-ph-212-400-u2026.json,eec6d93919431c1a50649d7ea8654ca38290a2f8f2099c9aafbd3595d711d89a,ec4a067aba51644a9d940e9c0bb61b33c5541464a5337290c860d42932dfdd83,2026-07-18T06:38:53.205Z,4,45,4,0,0,0
00586-phy-212-linked-detail-module-3-gravity-learning-materials-general-physics-with-calculus-ph-212-400-u2026,2053526,PHY-212,linked_detail,linked_detail,https://canvas.oregonstate.edu/courses/2053526/pages/module-3-%7C-gravity-%7C-learning-materials,https://canvas.oregonstate.edu/courses/2053526/pages/module-3-%7C-gravity-%7C-learning-materials,Module 3 | Gravity | Learning Materials: GENERAL PHYSICS WITH CALCULUS (PH_212_400_U2026),page,module-3-%7C-gravity-%7C-learning-materials,2,,,raw_html/00586-phy-212-linked-detail-module-3-gravity-learning-materials-general-physics-with-calculus-ph-212-400-u2026.html,text/00586-phy-212-linked-detail-module-3-gravity-learning-materials-general-physics-with-calculus-ph-212-400-u2026.txt,text/00586-phy-212-linked-detail-module-3-gravity-learning-materials-general-physics-with-calculus-ph-212-400-u2026.fulltext.txt,markdown/00586-phy-212-linked-detail-module-3-gravity-learning-materials-general-physics-with-calculus-ph-212-400-u2026.md,,metadata/00586-phy-212-linked-detail-module-3-gravity-learning-materials-general-physics-with-calculus-ph-212-400-u2026.json,2dc8081b5395bca05861ada7fb8165ab3191edfb44aff91e5229918561aa2014,4faa46ba6fee925e8f944c89cc65f1bc5724271b888dbc9dd4cd18bc5b5ac54c,2026-07-18T06:38:56.453Z,4,41,4,0,0,0
00587-phy-212-linked-detail-module-3-gravity-required-activities-general-physics-with-calculus-ph-212-400-u2026,2053526,PHY-212,linked_detail,linked_detail,https://canvas.oregonstate.edu/courses/2053526/pages/module-3-%7C-gravity-%7C-required-activities,https://canvas.oregonstate.edu/courses/2053526/pages/module-3-%7C-gravity-%7C-required-activities,Module 3 | Gravity | Required Activities: GENERAL PHYSICS WITH CALCULUS (PH_212_400_U2026),page,module-3-%7C-gravity-%7C-required-activities,2,,,raw_html/00587-phy-212-linked-detail-module-3-gravity-required-activities-general-physics-with-calculus-ph-212-400-u2026.html,text/00587-phy-212-linked-detail-module-3-gravity-required-activities-general-physics-with-calculus-ph-212-400-u2026.txt,text/00587-phy-212-linked-detail-module-3-gravity-required-activities-general-physics-with-calculus-ph-212-400-u2026.fulltext.txt,markdown/00587-phy-212-linked-detail-module-3-gravity-required-activities-general-physics-with-calculus-ph-212-400-u2026.md,,metadata/00587-phy-212-linked-detail-module-3-gravity-required-activities-general-physics-with-calculus-ph-212-400-u2026.json,c251c27ef79f50561a893c594ea8aaafd12ab2e15c5c26f4e4a0848da9d599f8,aef4595d7ec6b0084153dd408240924100f330214cd917fb2f1e1380005b94c4,2026-07-18T06:38:59.463Z,4,41,2,0,0,0
00588-phy-212-linked-detail-quiz2-practice-pdf-general-physics-with-calculus-ph-212-400-u2026,2053526,PHY-212,linked_detail,linked_detail,https://canvas.oregonstate.edu/courses/2053526/files/119457478?wrap=1,https://canvas.oregonstate.edu/courses/2053526/files/119457478?wrap=1,quiz2_practice.pdf: GENERAL PHYSICS WITH CALCULUS (PH_212_400_U2026),file,119457478,2,,,raw_html/00588-phy-212-linked-detail-quiz2-practice-pdf-general-physics-with-calculus-ph-212-400-u2026.html,text/00588-phy-212-linked-detail-quiz2-practice-pdf-general-physics-with-calculus-ph-212-400-u2026.txt,text/00588-phy-212-linked-detail-quiz2-practice-pdf-general-physics-with-calculus-ph-212-400-u2026.fulltext.txt,markdown/00588-phy-212-linked-detail-quiz2-practice-pdf-general-physics-with-calculus-ph-212-400-u2026.md,,metadata/00588-phy-212-linked-detail-quiz2-practice-pdf-general-physics-with-calculus-ph-212-400-u2026.json,654aa86ad55219714d28f81d763df3aa29679227eea4cb60933d70ed82534710,1edf545af79d008ea41511a559f84828cecce71fcfbb1255fe183a7ac3e7b850,2026-07-18T06:39:02.271Z,1,36,3,0,0,0
00589-phy-212-linked-detail-quiz2-practice-soln-pdf-general-physics-with-calculus-ph-212-400-u2026,2053526,PHY-212,linked_detail,linked_detail,https://canvas.oregonstate.edu/courses/2053526/files/119457479?wrap=1,https://canvas.oregonstate.edu/courses/2053526/files/119457479?wrap=1,quiz2_practice_soln.pdf: GENERAL PHYSICS WITH CALCULUS (PH_212_400_U2026),file,119457479,2,,,raw_html/00589-phy-212-linked-detail-quiz2-practice-soln-pdf-general-physics-with-calculus-ph-212-400-u2026.html,text/00589-phy-212-linked-detail-quiz2-practice-soln-pdf-general-physics-with-calculus-ph-212-400-u2026.txt,text/00589-phy-212-linked-detail-quiz2-practice-soln-pdf-general-physics-with-calculus-ph-212-400-u2026.fulltext.txt,markdown/00589-phy-212-linked-detail-quiz2-practice-soln-pdf-general-physics-with-calculus-ph-212-400-u2026.md,,metadata/00589-phy-212-linked-detail-quiz2-practice-soln-pdf-general-physics-with-calculus-ph-212-400-u2026.json,6f4a575e8efa3b03933ec08dca98997d1a6352229a780167a1826616d5c66437,bf22f44cd79b16619631ff86ad7b0224f08f7f614b2e72ca8e05ef5b3d4a898b,2026-07-18T06:39:04.855Z,1,36,3,0,0,0
00590-phy-212-linked-detail-hw-5-gravity-general-physics-with-calculus-ph-212-400-u2026,2053526,PHY-212,linked_detail,linked_detail,https://canvas.oregonstate.edu/courses/2053526/assignments/10556994,https://canvas.oregonstate.edu/courses/2053526/quizzes/3160499,Hw 5 - Gravity: GENERAL PHYSICS WITH CALCULUS (PH_212_400_U2026),quiz,3160499,2,yes,,raw_html/00590-phy-212-linked-detail-hw-5-gravity-general-physics-with-calculus-ph-212-400-u2026.html,text/00590-phy-212-linked-detail-hw-5-gravity-general-physics-with-calculus-ph-212-400-u2026.txt,text/00590-phy-212-linked-detail-hw-5-gravity-general-physics-with-calculus-ph-212-400-u2026.fulltext.txt,markdown/00590-phy-212-linked-detail-hw-5-gravity-general-physics-with-calculus-ph-212-400-u2026.md,,metadata/00590-phy-212-linked-detail-hw-5-gravity-general-physics-with-calculus-ph-212-400-u2026.json,b09f69d4abc3c5fff1caf11d95bfb310ecaaba1f1abba41cca16a8089ac2c132,66e4f3c746da059bcd06117906737f33f57eb330f3146f68a5eadb9f26ee8713,2026-07-18T06:39:08.311Z,3,61,2,0,0,0
00591-phy-212-linked-detail-m3-1pre-general-physics-with-calculus-ph-212-400-u2026,2053526,PHY-212,linked_detail,linked_detail,https://canvas.oregonstate.edu/courses/2053526/assignments/10556946,https://canvas.oregonstate.edu/courses/2053526/quizzes/3160450,M3-1pre: GENERAL PHYSICS WITH CALCULUS (PH_212_400_U2026),quiz,3160450,2,yes,,raw_html/00591-phy-212-linked-detail-m3-1pre-general-physics-with-calculus-ph-212-400-u2026.html,text/00591-phy-212-linked-detail-m3-1pre-general-physics-with-calculus-ph-212-400-u2026.txt,text/00591-phy-212-linked-detail-m3-1pre-general-physics-with-calculus-ph-212-400-u2026.fulltext.txt,markdown/00591-phy-212-linked-detail-m3-1pre-general-physics-with-calculus-ph-212-400-u2026.md,,metadata/00591-phy-212-linked-detail-m3-1pre-general-physics-with-calculus-ph-212-400-u2026.json,5bdfe84092a08c0473d64b3f93847de82e48a4a8a1d1bb74389dfb7d48c6a862,677fadddb6d4b4853995925c675f57912a49fdb3dd5476f511d7acd6999e2ca2,2026-07-18T06:39:11.808Z,2,35,2,0,0,0
00592-phy-212-linked-detail-m3-2pre-general-physics-with-calculus-ph-212-400-u2026,2053526,PHY-212,linked_detail,linked_detail,https://canvas.oregonstate.edu/courses/2053526/assignments/10556987,https://canvas.oregonstate.edu/courses/2053526/quizzes/3160492,M3-2pre: GENERAL PHYSICS WITH CALCULUS (PH_212_400_U2026),quiz,3160492,2,yes,,raw_html/00592-phy-212-linked-detail-m3-2pre-general-physics-with-calculus-ph-212-400-u2026.html,text/00592-phy-212-linked-detail-m3-2pre-general-physics-with-calculus-ph-212-400-u2026.txt,text/00592-phy-212-linked-detail-m3-2pre-general-physics-with-calculus-ph-212-400-u2026.fulltext.txt,markdown/00592-phy-212-linked-detail-m3-2pre-general-physics-with-calculus-ph-212-400-u2026.md,,metadata/00592-phy-212-linked-detail-m3-2pre-general-physics-with-calculus-ph-212-400-u2026.json,c1eb7f929955ea6fdadbde0837b3d2cba85216f11e61669a52c57c941ae71cba,5904c2cd79ba9c6a32110c1cc29aadd65191ae827c94d5f72741f4b2e4f2ad44,2026-07-18T06:39:14.957Z,2,35,2,0,0,0
00593-phy-212-linked-detail-m3-1asy-general-physics-with-calculus-ph-212-400-u2026,2053526,PHY-212,linked_detail,linked_detail,https://canvas.oregonstate.edu/courses/2053526/assignments/10556972,https://canvas.oregonstate.edu/courses/2053526/quizzes/3160477,M3-1asy: GENERAL PHYSICS WITH CALCULUS (PH_212_400_U2026),quiz,3160477,2,yes,,raw_html/00593-phy-212-linked-detail-m3-1asy-general-physics-with-calculus-ph-212-400-u2026.html,text/00593-phy-212-linked-detail-m3-1asy-general-physics-with-calculus-ph-212-400-u2026.txt,text/00593-phy-212-linked-detail-m3-1asy-general-physics-with-calculus-ph-212-400-u2026.fulltext.txt,markdown/00593-phy-212-linked-detail-m3-1asy-general-physics-with-calculus-ph-212-400-u2026.md,,metadata/00593-phy-212-linked-detail-m3-1asy-general-physics-with-calculus-ph-212-400-u2026.json,be77aa2e41776c6732f2ea271f4b22c4334b650861e35b72586cb89edf067f59,b168737d82e3eaaea6622cf373f7a0bb48d2b8dacc661edc67e2478d6f45ee3a,2026-07-18T06:39:17.805Z,4,36,2,0,0,0
00594-phy-212-linked-detail-m3-2asy-general-physics-with-calculus-ph-212-400-u2026,2053526,PHY-212,linked_detail,linked_detail,https://canvas.oregonstate.edu/courses/2053526/assignments/10556963,https://canvas.oregonstate.edu/courses/2053526/quizzes/3160468,M3-2asy: GENERAL PHYSICS WITH CALCULUS (PH_212_400_U2026),quiz,3160468,2,yes,,raw_html/00594-phy-212-linked-detail-m3-2asy-general-physics-with-calculus-ph-212-400-u2026.html,text/00594-phy-212-linked-detail-m3-2asy-general-physics-with-calculus-ph-212-400-u2026.txt,text/00594-phy-212-linked-detail-m3-2asy-general-physics-with-calculus-ph-212-400-u2026.fulltext.txt,markdown/00594-phy-212-linked-detail-m3-2asy-general-physics-with-calculus-ph-212-400-u2026.md,,metadata/00594-phy-212-linked-detail-m3-2asy-general-physics-with-calculus-ph-212-400-u2026.json,79b85db8565e5aa0cd66b3428062491712e17c8c69e0480542ad4f0f16633fb0,cb77d66eccfcdbcd6f71b8d672e04f93521fe91c9578564d784bd09a4bececaa,2026-07-18T06:39:21.159Z,4,36,2,0,0,0
00595-phy-212-linked-detail-lab-4-data-analysis-general-physics-with-calculus-ph-212-400-u2026,2053526,PHY-212,linked_detail,linked_detail,https://canvas.oregonstate.edu/courses/2053526/pages/lab-3-data-analysis,https://canvas.oregonstate.edu/courses/2053526/pages/lab-4-data-analysis,Lab 4 Data Analysis: GENERAL PHYSICS WITH CALCULUS (PH_212_400_U2026),page,lab-4-data-analysis,2,yes,,raw_html/00595-phy-212-linked-detail-lab-4-data-analysis-general-physics-with-calculus-ph-212-400-u2026.html,text/00595-phy-212-linked-detail-lab-4-data-analysis-general-physics-with-calculus-ph-212-400-u2026.txt,text/00595-phy-212-linked-detail-lab-4-data-analysis-general-physics-with-calculus-ph-212-400-u2026.fulltext.txt,markdown/00595-phy-212-linked-detail-lab-4-data-analysis-general-physics-with-calculus-ph-212-400-u2026.md,,metadata/00595-phy-212-linked-detail-lab-4-data-analysis-general-physics-with-calculus-ph-212-400-u2026.json,66668876c81a2b2c33bc684e62c12e272fa235cfa33021422a428387eb1e2ec5,de32ef78551cbe625d0af91687400dfa18f1773a5abc4bc26aaf0e4bddbd3077,2026-07-18T06:39:24.264Z,13,37,2,0,0,0
00596-phy-212-linked-detail-lab-4-group-report,2053526,PHY-212,linked_detail,linked_detail,https://canvas.oregonstate.edu/courses/2053526/assignments/10557060,https://canvas.oregonstate.edu/courses/2053526/assignments/10557060,Lab 4 Group Report,assignment,10557060,2,,yes,raw_html/00596-phy-212-linked-detail-lab-4-group-report.html,text/00596-phy-212-linked-detail-lab-4-group-report.txt,text/00596-phy-212-linked-detail-lab-4-group-report.fulltext.txt,markdown/00596-phy-212-linked-detail-lab-4-group-report.md,,metadata/00596-phy-212-linked-detail-lab-4-group-report.json,1a04b3f08e1c0c24ec61328d0931acbe144a39ec4ab89f625ccba617097c3597,afff5929566c83787189f9eca5431ffad7f8fa2734fd3e3bcb1f81610aa1923a,2026-07-18T06:39:27.011Z,3,60,2,0,0,0
00597-phy-212-linked-detail-module-4-oscillations-learning-materials-general-physics-with-calculus-ph-212-400-u2026,2053526,PHY-212,linked_detail,linked_detail,https://canvas.oregonstate.edu/courses/2053526/pages/module-4-%7C-oscillations-%7C-learning-materials,https://canvas.oregonstate.edu/courses/2053526/pages/module-4-%7C-oscillations-%7C-learning-materials,Module 4 | Oscillations | Learning Materials: GENERAL PHYSICS WITH CALCULUS (PH_212_400_U2026),page,module-4-%7C-oscillations-%7C-learning-materials,2,,,raw_html/00597-phy-212-linked-detail-module-4-oscillations-learning-materials-general-physics-with-calculus-ph-212-400-u2026.html,text/00597-phy-212-linked-detail-module-4-oscillations-learning-materials-general-physics-with-calculus-ph-212-400-u2026.txt,text/00597-phy-212-linked-detail-module-4-oscillations-learning-materials-general-physics-with-calculus-ph-212-400-u2026.fulltext.txt,markdown/00597-phy-212-linked-detail-module-4-oscillations-learning-materials-general-physics-with-calculus-ph-212-400-u2026.md,,metadata/00597-phy-212-linked-detail-module-4-oscillations-learning-materials-general-physics-with-calculus-ph-212-400-u2026.json,a6c4a89d62aba731581838e744295f41c3970aa33c1e255d12be9db18e05af4d,ab2d96eac75d71aa6a72805401ff0e4db5598cfd7beeb93d914194e70c52b9d3,2026-07-18T06:39:29.254Z,4,37,3,0,0,0
00598-phy-212-linked-detail-module-4-oscillations-required-activities-general-physics-with-calculus-ph-212-400-u2026,2053526,PHY-212,linked_detail,linked_detail,https://canvas.oregonstate.edu/courses/2053526/pages/module-4-%7C-oscillations-%7C-required-activities,https://canvas.oregonstate.edu/courses/2053526/pages/module-4-%7C-oscillations-%7C-required-activities,Module 4 | Oscillations | Required Activities: GENERAL PHYSICS WITH CALCULUS (PH_212_400_U2026),page,module-4-%7C-oscillations-%7C-required-activities,2,,,raw_html/00598-phy-212-linked-detail-module-4-oscillations-required-activities-general-physics-with-calculus-ph-212-400-u2026.html,text/00598-phy-212-linked-detail-module-4-oscillations-required-activities-general-physics-with-calculus-ph-212-400-u2026.txt,text/00598-phy-212-linked-detail-module-4-oscillations-required-activities-general-physics-with-calculus-ph-212-400-u2026.fulltext.txt,markdown/00598-phy-212-linked-detail-module-4-oscillations-required-activities-general-physics-with-calculus-ph-212-400-u2026.md,,metadata/00598-phy-212-linked-detail-module-4-oscillations-required-activities-general-physics-with-calculus-ph-212-400-u2026.json,3981a540a127a900ffae3f6af3998842dbe76575557c7c439aa188cc493fb5f1,4881cf518618282271886caf62b868da38376b7ca55b3d37226b72848bb751e4,2026-07-18T06:39:31.857Z,4,41,2,0,0,0
00599-phy-212-linked-detail-hw-6-oscillations-general-physics-with-calculus-ph-212-400-u2026,2053526,PHY-212,linked_detail,linked_detail,https://canvas.oregonstate.edu/courses/2053526/assignments/10557007,https://canvas.oregonstate.edu/courses/2053526/quizzes/3160513,Hw 6 - Oscillations: GENERAL PHYSICS WITH CALCULUS (PH_212_400_U2026),quiz,3160513,2,yes,,raw_html/00599-phy-212-linked-detail-hw-6-oscillations-general-physics-with-calculus-ph-212-400-u2026.html,text/00599-phy-212-linked-detail-hw-6-oscillations-general-physics-with-calculus-ph-212-400-u2026.txt,text/00599-phy-212-linked-detail-hw-6-oscillations-general-physics-with-calculus-ph-212-400-u2026.fulltext.txt,markdown/00599-phy-212-linked-detail-hw-6-oscillations-general-physics-with-calculus-ph-212-400-u2026.md,,metadata/00599-phy-212-linked-detail-hw-6-oscillations-general-physics-with-calculus-ph-212-400-u2026.json,dc148d8b37f77e1cb6cab8ae5024b82b3d78b269fe4962a99683a4d23f9ea1d0,4589e94a1eed099de2eca2647ce39e2e4e96efd04c93479f7b5b651d289c3e41,2026-07-18T06:39:34.712Z,2,35,2,0,0,0
00600-phy-212-linked-detail-m4-1pre-general-physics-with-calculus-ph-212-400-u2026,2053526,PHY-212,linked_detail,linked_detail,https://canvas.oregonstate.edu/courses/2053526/assignments/10556990,https://canvas.oregonstate.edu/courses/2053526/quizzes/3160495,M4-1pre: GENERAL PHYSICS WITH CALCULUS (PH_212_400_U2026),quiz,3160495,2,yes,,raw_html/00600-phy-212-linked-detail-m4-1pre-general-physics-with-calculus-ph-212-400-u2026.html,text/00600-phy-212-linked-detail-m4-1pre-general-physics-with-calculus-ph-212-400-u2026.txt,text/00600-phy-212-linked-detail-m4-1pre-general-physics-with-calculus-ph-212-400-u2026.fulltext.txt,markdown/00600-phy-212-linked-detail-m4-1pre-general-physics-with-calculus-ph-212-400-u2026.md,,metadata/00600-phy-212-linked-detail-m4-1pre-general-physics-with-calculus-ph-212-400-u2026.json,9804fba0ad0536cb8ea74eb3f2b97d160675c2f354e4e6da9e32beafc282012b,a9522c219785505b434ce261fb68ab3fe07cd83f4cdbeffcc6b8cccb94788865,2026-07-18T06:39:37.454Z,1,34,2,0,0,0
00601-phy-212-linked-detail-m4-2pre-general-physics-with-calculus-ph-212-400-u2026,2053526,PHY-212,linked_detail,linked_detail,https://canvas.oregonstate.edu/courses/2053526/assignments/10556939,https://canvas.oregonstate.edu/courses/2053526/quizzes/3160443,M4-2pre: GENERAL PHYSICS WITH CALCULUS (PH_212_400_U2026),quiz,3160443,2,yes,,raw_html/00601-phy-212-linked-detail-m4-2pre-general-physics-with-calculus-ph-212-400-u2026.html,text/00601-phy-212-linked-detail-m4-2pre-general-physics-with-calculus-ph-212-400-u2026.txt,text/00601-phy-212-linked-detail-m4-2pre-general-physics-with-calculus-ph-212-400-u2026.fulltext.txt,markdown/00601-phy-212-linked-detail-m4-2pre-general-physics-with-calculus-ph-212-400-u2026.md,,metadata/00601-phy-212-linked-detail-m4-2pre-general-physics-with-calculus-ph-212-400-u2026.json,faff54c0e4e83927ac8210890778501b808dc0d4d6942353d1c8f33f9b76fea4,a896f13fda3546fd8e17ce384e16ae4691c47581d303b7a39b7aff2516e6c6e9,2026-07-18T06:39:40.332Z,1,34,2,0,0,0
00602-phy-212-linked-detail-unauthorized,2053526,PHY-212,linked_detail,linked_detail,https://canvas.oregonstate.edu/courses/2053526/assignments/10556985,https://canvas.oregonstate.edu/courses/2053526/assignments/10556985,Unauthorized,assignment,10556985,2,,,raw_html/00602-phy-212-linked-detail-unauthorized.html,text/00602-phy-212-linked-detail-unauthorized.txt,text/00602-phy-212-linked-detail-unauthorized.fulltext.txt,markdown/00602-phy-212-linked-detail-unauthorized.md,,metadata/00602-phy-212-linked-detail-unauthorized.json,782a73335c83f4cd883c7dce44d0eecb493adb766db092311b06f62f1acea71b,2b62e20d47d477eacda81c2beef0dbb06e7f4e1a1021b68e5f70be2917f36f5b,2026-07-18T06:39:43.005Z,1,13,2,0,0,0
00603-phy-212-linked-detail-unauthorized,2053526,PHY-212,linked_detail,linked_detail,https://canvas.oregonstate.edu/courses/2053526/assignments/10556981,https://canvas.oregonstate.edu/courses/2053526/assignments/10556981,Unauthorized,assignment,10556981,2,,,raw_html/00603-phy-212-linked-detail-unauthorized.html,text/00603-phy-212-linked-detail-unauthorized.txt,text/00603-phy-212-linked-detail-unauthorized.fulltext.txt,markdown/00603-phy-212-linked-detail-unauthorized.md,,metadata/00603-phy-212-linked-detail-unauthorized.json,efbf31462b873599d5aecb360a1b27c646504dc4d356b37e13b7eee994a7f645,2b62e20d47d477eacda81c2beef0dbb06e7f4e1a1021b68e5f70be2917f36f5b,2026-07-18T06:39:45.155Z,1,13,2,0,0,0
00604-phy-212-linked-detail-unauthorized,2053526,PHY-212,linked_detail,linked_detail,https://canvas.oregonstate.edu/courses/2053526/pages/module-5-%7C-wave-optics-%7C-learning-materials,https://canvas.oregonstate.edu/courses/2053526/pages/module-5-%7C-wave-optics-%7C-learning-materials,Unauthorized,page,module-5-%7C-wave-optics-%7C-learning-materials,2,,,raw_html/00604-phy-212-linked-detail-unauthorized.html,text/00604-phy-212-linked-detail-unauthorized.txt,text/00604-phy-212-linked-detail-unauthorized.fulltext.txt,markdown/00604-phy-212-linked-detail-unauthorized.md,,metadata/00604-phy-212-linked-detail-unauthorized.json,3a74be931715b8fb7d0e8b7569fecd8de619c365ff1b7e879666b4b4607b1716,2b62e20d47d477eacda81c2beef0dbb06e7f4e1a1021b68e5f70be2917f36f5b,2026-07-18T06:39:47.409Z,1,13,2,0,0,0
00605-phy-212-linked-detail-unauthorized,2053526,PHY-212,linked_detail,linked_detail,https://canvas.oregonstate.edu/courses/2053526/pages/module-5-%7C-wave-optics-%7C-required-activities,https://canvas.oregonstate.edu/courses/2053526/pages/module-5-%7C-wave-optics-%7C-required-activities,Unauthorized,page,module-5-%7C-wave-optics-%7C-required-activities,2,,,raw_html/00605-phy-212-linked-detail-unauthorized.html,text/00605-phy-212-linked-detail-unauthorized.txt,text/00605-phy-212-linked-detail-unauthorized.fulltext.txt,markdown/00605-phy-212-linked-detail-unauthorized.md,,metadata/00605-phy-212-linked-detail-unauthorized.json,b0d2ec32514bcb30a3685849b92ba70581cbf2c1c6ebf88e16372a54d355ddc3,2b62e20d47d477eacda81c2beef0dbb06e7f4e1a1021b68e5f70be2917f36f5b,2026-07-18T06:39:49.759Z,1,13,2,0,0,0
00606-phy-212-linked-detail-hw-7-waves-general-physics-with-calculus-ph-212-400-u2026,2053526,PHY-212,linked_detail,linked_detail,https://canvas.oregonstate.edu/courses/2053526/assignments/10556973,https://canvas.oregonstate.edu/courses/2053526/quizzes/3160478,Hw 7 - Waves: GENERAL PHYSICS WITH CALCULUS (PH_212_400_U2026),quiz,3160478,2,yes,,raw_html/00606-phy-212-linked-detail-hw-7-waves-general-physics-with-calculus-ph-212-400-u2026.html,text/00606-phy-212-linked-detail-hw-7-waves-general-physics-with-calculus-ph-212-400-u2026.txt,text/00606-phy-212-linked-detail-hw-7-waves-general-physics-with-calculus-ph-212-400-u2026.fulltext.txt,markdown/00606-phy-212-linked-detail-hw-7-waves-general-physics-with-calculus-ph-212-400-u2026.md,,metadata/00606-phy-212-linked-detail-hw-7-waves-general-physics-with-calculus-ph-212-400-u2026.json,f6ade53d67a7a62351c9d0b8c36647f4ba5edb5d4ba283057b13cc43be2becf9,ece57c2cec5a1c8e01adc3ea33db27f4a9dea61bbe24f40cf9244182f678dca6,2026-07-18T06:39:52.560Z,1,34,2,0,0,0
00607-phy-212-linked-detail-m5-1pre-general-physics-with-calculus-ph-212-400-u2026,2053526,PHY-212,linked_detail,linked_detail,https://canvas.oregonstate.edu/courses/2053526/assignments/10556969,https://canvas.oregonstate.edu/courses/2053526/quizzes/3160474,M5-1pre: GENERAL PHYSICS WITH CALCULUS (PH_212_400_U2026),quiz,3160474,2,yes,,raw_html/00607-phy-212-linked-detail-m5-1pre-general-physics-with-calculus-ph-212-400-u2026.html,text/00607-phy-212-linked-detail-m5-1pre-general-physics-with-calculus-ph-212-400-u2026.txt,text/00607-phy-212-linked-detail-m5-1pre-general-physics-with-calculus-ph-212-400-u2026.fulltext.txt,markdown/00607-phy-212-linked-detail-m5-1pre-general-physics-with-calculus-ph-212-400-u2026.md,,metadata/00607-phy-212-linked-detail-m5-1pre-general-physics-with-calculus-ph-212-400-u2026.json,438075a032714974d6f2bf6174525a9b9bb920f482a36a1a8a7500d231a5bd10,6b7ce555cf69ea2005db40f426c1f5a75656684fdf17d33a998da5f92284595e,2026-07-18T06:39:55.355Z,1,34,2,0,0,0
00608-phy-212-linked-detail-unauthorized,2053526,PHY-212,linked_detail,linked_detail,https://canvas.oregonstate.edu/courses/2053526/assignments/10557004,https://canvas.oregonstate.edu/courses/2053526/assignments/10557004,Unauthorized,assignment,10557004,2,,,raw_html/00608-phy-212-linked-detail-unauthorized.html,text/00608-phy-212-linked-detail-unauthorized.txt,text/00608-phy-212-linked-detail-unauthorized.fulltext.txt,markdown/00608-phy-212-linked-detail-unauthorized.md,,metadata/00608-phy-212-linked-detail-unauthorized.json,6110c4d57a23e4839fd22891156b2e4e41c6821b0c4b4d61c8da5c83280f99ce,2b62e20d47d477eacda81c2beef0dbb06e7f4e1a1021b68e5f70be2917f36f5b,2026-07-18T06:39:57.504Z,1,13,2,0,0,0
00609-phy-212-linked-detail-unauthorized,2053526,PHY-212,linked_detail,linked_detail,https://canvas.oregonstate.edu/courses/2053526/assignments/10556988,https://canvas.oregonstate.edu/courses/2053526/assignments/10556988,Unauthorized,assignment,10556988,2,,,raw_html/00609-phy-212-linked-detail-unauthorized.html,text/00609-phy-212-linked-detail-unauthorized.txt,text/00609-phy-212-linked-detail-unauthorized.fulltext.txt,markdown/00609-phy-212-linked-detail-unauthorized.md,,metadata/00609-phy-212-linked-detail-unauthorized.json,70f32d2a85554f8b5efb483c09ee12b54bd603f1ef0a2b3b7b574c446e21ae18,2b62e20d47d477eacda81c2beef0dbb06e7f4e1a1021b68e5f70be2917f36f5b,2026-07-18T06:39:59.554Z,1,13,2,0,0,0
00610-phy-212-linked-detail-unauthorized,2053526,PHY-212,linked_detail,linked_detail,https://canvas.oregonstate.edu/courses/2053526/assignments/10556992,https://canvas.oregonstate.edu/courses/2053526/assignments/10556992,Unauthorized,assignment,10556992,2,,,raw_html/00610-phy-212-linked-detail-unauthorized.html,text/00610-phy-212-linked-detail-unauthorized.txt,text/00610-phy-212-linked-detail-unauthorized.fulltext.txt,markdown/00610-phy-212-linked-detail-unauthorized.md,,metadata/00610-phy-212-linked-detail-unauthorized.json,8cb52892f3a9ef8dcb8b7bcd3738f4894d73f550e8a06d2fb09141759080edb0,2b62e20d47d477eacda81c2beef0dbb06e7f4e1a1021b68e5f70be2917f36f5b,2026-07-18T06:40:01.807Z,1,13,2,0,0,0
00611-phy-212-linked-detail-unauthorized,2053526,PHY-212,linked_detail,linked_detail,https://canvas.oregonstate.edu/courses/2053526/assignments/10556979,https://canvas.oregonstate.edu/courses/2053526/assignments/10556979,Unauthorized,assignment,10556979,2,,,raw_html/00611-phy-212-linked-detail-unauthorized.html,text/00611-phy-212-linked-detail-unauthorized.txt,text/00611-phy-212-linked-detail-unauthorized.fulltext.txt,markdown/00611-phy-212-linked-detail-unauthorized.md,,metadata/00611-phy-212-linked-detail-unauthorized.json,b54914f05891ce7aec3b0839213b676a3abd54ffdbf820a873097d1433826f69,2b62e20d47d477eacda81c2beef0dbb06e7f4e1a1021b68e5f70be2917f36f5b,2026-07-18T06:40:03.805Z,1,13,2,0,0,0
00612-phy-212-linked-detail-unauthorized,2053526,PHY-212,linked_detail,linked_detail,https://canvas.oregonstate.edu/courses/2053526/assignments/10557022,https://canvas.oregonstate.edu/courses/2053526/assignments/10557022,Unauthorized,assignment,10557022,2,,,raw_html/00612-phy-212-linked-detail-unauthorized.html,text/00612-phy-212-linked-detail-unauthorized.txt,text/00612-phy-212-linked-detail-unauthorized.fulltext.txt,markdown/00612-phy-212-linked-detail-unauthorized.md,,metadata/00612-phy-212-linked-detail-unauthorized.json,18e5533032156d1aecfb9fcd93f3b959c4ac4793d34b65cc530067bdc9dd0b8c,2b62e20d47d477eacda81c2beef0dbb06e7f4e1a1021b68e5f70be2917f36f5b,2026-07-18T06:40:09.303Z,1,13,2,0,0,0
00613-phy-212-linked-detail-unauthorized,2053526,PHY-212,linked_detail,linked_detail,https://canvas.oregonstate.edu/courses/2053526/assignments/10556962,https://canvas.oregonstate.edu/courses/2053526/assignments/10556962,Unauthorized,assignment,10556962,2,,,raw_html/00613-phy-212-linked-detail-unauthorized.html,text/00613-phy-212-linked-detail-unauthorized.txt,text/00613-phy-212-linked-detail-unauthorized.fulltext.txt,markdown/00613-phy-212-linked-detail-unauthorized.md,,metadata/00613-phy-212-linked-detail-unauthorized.json,85ffe56d966283b5724d39afe6927afcf9f5c7e55c9d5a77929a4e9a1758b528,2b62e20d47d477eacda81c2beef0dbb06e7f4e1a1021b68e5f70be2917f36f5b,2026-07-18T06:40:11.253Z,1,13,2,0,0,0
00614-phy-212-linked-detail-unauthorized,2053526,PHY-212,linked_detail,linked_detail,https://canvas.oregonstate.edu/courses/2053526/assignments/10556976,https://canvas.oregonstate.edu/courses/2053526/assignments/10556976,Unauthorized,assignment,10556976,2,,,raw_html/00614-phy-212-linked-detail-unauthorized.html,text/00614-phy-212-linked-detail-unauthorized.txt,text/00614-phy-212-linked-detail-unauthorized.fulltext.txt,markdown/00614-phy-212-linked-detail-unauthorized.md,,metadata/00614-phy-212-linked-detail-unauthorized.json,bf9ec15177d3f094ce448073924fab675f91e3013a1aabc40564d05fc1556a02,2b62e20d47d477eacda81c2beef0dbb06e7f4e1a1021b68e5f70be2917f36f5b,2026-07-18T06:40:13.252Z,1,13,2,0,0,0
00615-phy-212-linked-detail-unauthorized,2053526,PHY-212,linked_detail,linked_detail,https://canvas.oregonstate.edu/courses/2053526/assignments/10557018,https://canvas.oregonstate.edu/courses/2053526/assignments/10557018,Unauthorized,assignment,10557018,2,,,raw_html/00615-phy-212-linked-detail-unauthorized.html,text/00615-phy-212-linked-detail-unauthorized.txt,text/00615-phy-212-linked-detail-unauthorized.fulltext.txt,markdown/00615-phy-212-linked-detail-unauthorized.md,,metadata/00615-phy-212-linked-detail-unauthorized.json,b9416c4be927e63a06428302aba91e0ad7d20635fc1570fae6b4ea4b8fefaf2f,2b62e20d47d477eacda81c2beef0dbb06e7f4e1a1021b68e5f70be2917f36f5b,2026-07-18T06:40:15.204Z,1,13,2,0,0,0
00616-phy-212-linked-detail-unauthorized,2053526,PHY-212,linked_detail,linked_detail,https://canvas.oregonstate.edu/courses/2053526/assignments/10557031,https://canvas.oregonstate.edu/courses/2053526/assignments/10557031,Unauthorized,assignment,10557031,2,,,raw_html/00616-phy-212-linked-detail-unauthorized.html,text/00616-phy-212-linked-detail-unauthorized.txt,text/00616-phy-212-linked-detail-unauthorized.fulltext.txt,markdown/00616-phy-212-linked-detail-unauthorized.md,,metadata/00616-phy-212-linked-detail-unauthorized.json,8593d9a7658401e6d11726e238c0b12d4cfcc6a489fb71417c40dd0b8b49bfb0,2b62e20d47d477eacda81c2beef0dbb06e7f4e1a1021b68e5f70be2917f36f5b,2026-07-18T06:40:17.204Z,1,13,2,0,0,0
00617-phy-212-linked-detail-unauthorized,2053526,PHY-212,linked_detail,linked_detail,https://canvas.oregonstate.edu/courses/2053526/assignments/10557002,https://canvas.oregonstate.edu/courses/2053526/assignments/10557002,Unauthorized,assignment,10557002,2,,,raw_html/00617-phy-212-linked-detail-unauthorized.html,text/00617-phy-212-linked-detail-unauthorized.txt,text/00617-phy-212-linked-detail-unauthorized.fulltext.txt,markdown/00617-phy-212-linked-detail-unauthorized.md,,metadata/00617-phy-212-linked-detail-unauthorized.json,dbc53b15fd3c001dd7ea2d5d54a12596ee58e251643d8c1327fecc483fd43baf,2b62e20d47d477eacda81c2beef0dbb06e7f4e1a1021b68e5f70be2917f36f5b,2026-07-18T06:40:19.206Z,1,13,2,0,0,0
00618-phy-212-linked-detail-unauthorized,2053526,PHY-212,linked_detail,linked_detail,https://canvas.oregonstate.edu/courses/2053526/assignments/10556942,https://canvas.oregonstate.edu/courses/2053526/assignments/10556942,Unauthorized,assignment,10556942,2,,,raw_html/00618-phy-212-linked-detail-unauthorized.html,text/00618-phy-212-linked-detail-unauthorized.txt,text/00618-phy-212-linked-detail-unauthorized.fulltext.txt,markdown/00618-phy-212-linked-detail-unauthorized.md,,metadata/00618-phy-212-linked-detail-unauthorized.json,22041c8f5a69efb80dede2530bd935ffceb199c5cf5193489c5a2b30bf42d55b,2b62e20d47d477eacda81c2beef0dbb06e7f4e1a1021b68e5f70be2917f36f5b,2026-07-18T06:40:21.254Z,1,13,2,0,0,0
00619-phy-212-linked-detail-unauthorized,2053526,PHY-212,linked_detail,linked_detail,https://canvas.oregonstate.edu/courses/2053526/assignments/10556957,https://canvas.oregonstate.edu/courses/2053526/assignments/10556957,Unauthorized,assignment,10556957,2,,,raw_html/00619-phy-212-linked-detail-unauthorized.html,text/00619-phy-212-linked-detail-unauthorized.txt,text/00619-phy-212-linked-detail-unauthorized.fulltext.txt,markdown/00619-phy-212-linked-detail-unauthorized.md,,metadata/00619-phy-212-linked-detail-unauthorized.json,995e1d62f91021028fd47aca50e1b0ef719e02d4b9b35db61d19c5aea4614f02,2b62e20d47d477eacda81c2beef0dbb06e7f4e1a1021b68e5f70be2917f36f5b,2026-07-18T06:40:23.260Z,1,13,2,0,0,0
00620-phy-212-linked-detail-unauthorized,2053526,PHY-212,linked_detail,linked_detail,https://canvas.oregonstate.edu/courses/2053526/assignments/10556980,https://canvas.oregonstate.edu/courses/2053526/assignments/10556980,Unauthorized,assignment,10556980,2,,,raw_html/00620-phy-212-linked-detail-unauthorized.html,text/00620-phy-212-linked-detail-unauthorized.txt,text/00620-phy-212-linked-detail-unauthorized.fulltext.txt,markdown/00620-phy-212-linked-detail-unauthorized.md,,metadata/00620-phy-212-linked-detail-unauthorized.json,6842add1a3548704bad80dd2694b93ec210d1fced2790735669115f5af91607b,2b62e20d47d477eacda81c2beef0dbb06e7f4e1a1021b68e5f70be2917f36f5b,2026-07-18T06:40:25.303Z,1,13,2,0,0,0
00621-phy-212-linked-detail-quiz-3-notes,2053526,PHY-212,linked_detail,linked_detail,https://canvas.oregonstate.edu/courses/2053526/assignments/10557113,https://canvas.oregonstate.edu/courses/2053526/assignments/10557113,Quiz 3 Notes,assignment,10557113,2,,,raw_html/00621-phy-212-linked-detail-quiz-3-notes.html,text/00621-phy-212-linked-detail-quiz-3-notes.txt,text/00621-phy-212-linked-detail-quiz-3-notes.fulltext.txt,markdown/00621-phy-212-linked-detail-quiz-3-notes.md,,metadata/00621-phy-212-linked-detail-quiz-3-notes.json,8685ef296278c432daa0b42e90e21b361c34e992b22e3b55771801367b5ba2fb,de27c2dae536207c81fee675bfc1bd80a93e91e33bdee9a9f8755a5707dfe4dd,2026-07-18T06:40:27.806Z,2,59,2,0,0,0
00622-phy-212-linked-detail-quiz-3a-asy-remotely-proctored-general-physics-with-calculus-ph-212-400-u2026,2053526,PHY-212,linked_detail,linked_detail,https://canvas.oregonstate.edu/courses/2053526/quizzes/3160520,https://canvas.oregonstate.edu/courses/2053526/quizzes/3160520,Quiz 3A_asy (Remotely Proctored): GENERAL PHYSICS WITH CALCULUS (PH_212_400_U2026),quiz,3160520,2,,,raw_html/00622-phy-212-linked-detail-quiz-3a-asy-remotely-proctored-general-physics-with-calculus-ph-212-400-u2026.html,text/00622-phy-212-linked-detail-quiz-3a-asy-remotely-proctored-general-physics-with-calculus-ph-212-400-u2026.txt,text/00622-phy-212-linked-detail-quiz-3a-asy-remotely-proctored-general-physics-with-calculus-ph-212-400-u2026.fulltext.txt,markdown/00622-phy-212-linked-detail-quiz-3a-asy-remotely-proctored-general-physics-with-calculus-ph-212-400-u2026.md,,metadata/00622-phy-212-linked-detail-quiz-3a-asy-remotely-proctored-general-physics-with-calculus-ph-212-400-u2026.json,60e5c9e72442bbac6afee59601fca71d114a1069dbf6c98904357b682c4dbd65,2bc998b57451dad98db792fbd8f74c4550c730cac4c279a7aea773a2ea76245d,2026-07-18T06:40:30.107Z,1,34,2,0,0,0
00623-phy-212-linked-detail-quiz-3a-asy-work,2053526,PHY-212,linked_detail,linked_detail,https://canvas.oregonstate.edu/courses/2053526/assignments/10557116,https://canvas.oregonstate.edu/courses/2053526/assignments/10557116,Quiz 3A_asy_work,assignment,10557116,2,,,raw_html/00623-phy-212-linked-detail-quiz-3a-asy-work.html,text/00623-phy-212-linked-detail-quiz-3a-asy-work.txt,text/00623-phy-212-linked-detail-quiz-3a-asy-work.fulltext.txt,markdown/00623-phy-212-linked-detail-quiz-3a-asy-work.md,,metadata/00623-phy-212-linked-detail-quiz-3a-asy-work.json,28c2b68d8634f476d872b09add63ec4c416c967383a1f5d3783d37b14f2d0452,51c77a627d46da6fa070028bc4c695e3e41187e1de5f2b921fdbec00ad59cdf9,2026-07-18T06:40:32.906Z,2,59,2,0,0,0
00624-phy-212-linked-detail-quiz-3b-asy-remotely-proctored-general-physics-with-calculus-ph-212-400-u2026,2053526,PHY-212,linked_detail,linked_detail,https://canvas.oregonstate.edu/courses/2053526/quizzes/3160518,https://canvas.oregonstate.edu/courses/2053526/quizzes/3160518,Quiz 3B_asy (Remotely Proctored): GENERAL PHYSICS WITH CALCULUS (PH_212_400_U2026),quiz,3160518,2,,,raw_html/00624-phy-212-linked-detail-quiz-3b-asy-remotely-proctored-general-physics-with-calculus-ph-212-400-u2026.html,text/00624-phy-212-linked-detail-quiz-3b-asy-remotely-proctored-general-physics-with-calculus-ph-212-400-u2026.txt,text/00624-phy-212-linked-detail-quiz-3b-asy-remotely-proctored-general-physics-with-calculus-ph-212-400-u2026.fulltext.txt,markdown/00624-phy-212-linked-detail-quiz-3b-asy-remotely-proctored-general-physics-with-calculus-ph-212-400-u2026.md,,metadata/00624-phy-212-linked-detail-quiz-3b-asy-remotely-proctored-general-physics-with-calculus-ph-212-400-u2026.json,482c1636e133d9f6a9c42fca464821ca2ec9c004cdaf37a36e200a27da3875bd,ca24ced6ea8b334a5b74beea66676121558525997f4780e9213e81523f3f9496,2026-07-18T06:40:35.556Z,1,34,2,0,0,0
00625-phy-212-linked-detail-quiz-3b-asy-work,2053526,PHY-212,linked_detail,linked_detail,https://canvas.oregonstate.edu/courses/2053526/assignments/10557119,https://canvas.oregonstate.edu/courses/2053526/assignments/10557119,Quiz 3B_asy_work,assignment,10557119,2,,,raw_html/00625-phy-212-linked-detail-quiz-3b-asy-work.html,text/00625-phy-212-linked-detail-quiz-3b-asy-work.txt,text/00625-phy-212-linked-detail-quiz-3b-asy-work.fulltext.txt,markdown/00625-phy-212-linked-detail-quiz-3b-asy-work.md,,metadata/00625-phy-212-linked-detail-quiz-3b-asy-work.json,cf18de3c55b845ec6247a38292dbe15d094b3f50f4e9bee6706205f5b581a9d0,52ed9b0602b3e724bd399681f3e0c88326c60ccbb75d3a6210a791d79097b5cc,2026-07-18T06:40:38.121Z,2,59,2,0,0,0
00626-phy-212-linked-detail-quiz-3a,2053526,PHY-212,linked_detail,linked_detail,https://canvas.oregonstate.edu/courses/2053526/assignments/10557114,https://canvas.oregonstate.edu/courses/2053526/assignments/10557114,Quiz 3A,assignment,10557114,2,,,raw_html/00626-phy-212-linked-detail-quiz-3a.html,text/00626-phy-212-linked-detail-quiz-3a.txt,text/00626-phy-212-linked-detail-quiz-3a.fulltext.txt,markdown/00626-phy-212-linked-detail-quiz-3a.md,,metadata/00626-phy-212-linked-detail-quiz-3a.json,1a3562093520da79bde6beb5cba375820989832e9c74efcd39046603bec6e9bd,768e8a67a94f67e04c399c2d38777491ce8ad9c68521c261bd306b2c52b5bd32,2026-07-18T06:40:40.557Z,2,59,2,0,0,0
00627-phy-212-linked-detail-quiz-3a-6pm,2053526,PHY-212,linked_detail,linked_detail,https://canvas.oregonstate.edu/courses/2053526/assignments/10557115,https://canvas.oregonstate.edu/courses/2053526/assignments/10557115,Quiz 3A_6pm,assignment,10557115,2,,,raw_html/00627-phy-212-linked-detail-quiz-3a-6pm.html,text/00627-phy-212-linked-detail-quiz-3a-6pm.txt,text/00627-phy-212-linked-detail-quiz-3a-6pm.fulltext.txt,markdown/00627-phy-212-linked-detail-quiz-3a-6pm.md,,metadata/00627-phy-212-linked-detail-quiz-3a-6pm.json,e50ba01ee3e114dda6c2e52bad040096a155d75a9f8f55752deadac32998fa33,0441bd5684e1892af0bbf85ec2533c8da9b4e8ab816179297cdc0c5d73da0492,2026-07-18T06:40:42.856Z,2,59,2,0,0,0
00628-phy-212-linked-detail-quiz-3b,2053526,PHY-212,linked_detail,linked_detail,https://canvas.oregonstate.edu/courses/2053526/assignments/10557117,https://canvas.oregonstate.edu/courses/2053526/assignments/10557117,Quiz 3B,assignment,10557117,2,,,raw_html/00628-phy-212-linked-detail-quiz-3b.html,text/00628-phy-212-linked-detail-quiz-3b.txt,text/00628-phy-212-linked-detail-quiz-3b.fulltext.txt,markdown/00628-phy-212-linked-detail-quiz-3b.md,,metadata/00628-phy-212-linked-detail-quiz-3b.json,2beffb1e03ee3a15432ee2791db908f5c6671de59c1a7fc9c91569525546bf3f,c2a69715aefd09e6db8575b7a8e14eef31cd5136088945cbde3f4536077a0978,2026-07-18T06:40:45.258Z,2,59,2,0,0,0
00629-phy-212-linked-detail-quiz-3b-6pm,2053526,PHY-212,linked_detail,linked_detail,https://canvas.oregonstate.edu/courses/2053526/assignments/10557118,https://canvas.oregonstate.edu/courses/2053526/assignments/10557118,Quiz 3B_6pm,assignment,10557118,2,,,raw_html/00629-phy-212-linked-detail-quiz-3b-6pm.html,text/00629-phy-212-linked-detail-quiz-3b-6pm.txt,text/00629-phy-212-linked-detail-quiz-3b-6pm.fulltext.txt,markdown/00629-phy-212-linked-detail-quiz-3b-6pm.md,,metadata/00629-phy-212-linked-detail-quiz-3b-6pm.json,e77118599007f79324ac3ad113a4bfd47da5b231a99e6510105f1a934d02d2ad,4bcdc74222d15fb8f9a82289db929e574c6cb9e64a1a591e25c81b7a78fed04f,2026-07-18T06:40:48.058Z,2,59,2,0,0,0
00630-phy-212-linked-detail-lab-5-extending-a-model-general-physics-with-calculus-ph-212-400-u2026,2053526,PHY-212,linked_detail,linked_detail,https://canvas.oregonstate.edu/courses/2053526/pages/lab-4-extending-a-model,https://canvas.oregonstate.edu/courses/2053526/pages/lab-5-extending-a-model,Lab 5 Extending a Model: GENERAL PHYSICS WITH CALCULUS (PH_212_400_U2026),page,lab-5-extending-a-model,2,yes,,raw_html/00630-phy-212-linked-detail-lab-5-extending-a-model-general-physics-with-calculus-ph-212-400-u2026.html,text/00630-phy-212-linked-detail-lab-5-extending-a-model-general-physics-with-calculus-ph-212-400-u2026.txt,text/00630-phy-212-linked-detail-lab-5-extending-a-model-general-physics-with-calculus-ph-212-400-u2026.fulltext.txt,markdown/00630-phy-212-linked-detail-lab-5-extending-a-model-general-physics-with-calculus-ph-212-400-u2026.md,,metadata/00630-phy-212-linked-detail-lab-5-extending-a-model-general-physics-with-calculus-ph-212-400-u2026.json,9036bc6e91112382f00ecd2fd8362e829db34bf01b91a64e57c7a20d291fcb3a,c20a9cda90198662d772b658b7f0557672cffbe339edbce2922444d4fb49d460,2026-07-18T06:40:57.861Z,14,37,2,0,0,0
00631-phy-212-linked-detail-lab-5-group-report,2053526,PHY-212,linked_detail,linked_detail,https://canvas.oregonstate.edu/courses/2053526/assignments/10557061,https://canvas.oregonstate.edu/courses/2053526/assignments/10557061,Lab 5 Group report,assignment,10557061,2,,,raw_html/00631-phy-212-linked-detail-lab-5-group-report.html,text/00631-phy-212-linked-detail-lab-5-group-report.txt,text/00631-phy-212-linked-detail-lab-5-group-report.fulltext.txt,markdown/00631-phy-212-linked-detail-lab-5-group-report.md,,metadata/00631-phy-212-linked-detail-lab-5-group-report.json,bab9d7ed93637ce02df55af7b34137b269d984c081951fcaf7427a7ed8398482,64a8255a9830a89201d2afa07f7b343a0242d48d08653e383c6c93427aaefd1a,2026-07-18T06:41:00.605Z,2,59,2,0,0,0
00632-phy-212-linked-detail-capstone-design-an-experiment-general-physics-with-calculus-ph-212-400-u2026,2053526,PHY-212,linked_detail,linked_detail,https://canvas.oregonstate.edu/courses/2053526/pages/capstone-design-an-experiment,https://canvas.oregonstate.edu/courses/2053526/pages/capstone-design-an-experiment,Capstone - Design an Experiment: GENERAL PHYSICS WITH CALCULUS (PH_212_400_U2026),page,capstone-design-an-experiment,2,,,raw_html/00632-phy-212-linked-detail-capstone-design-an-experiment-general-physics-with-calculus-ph-212-400-u2026.html,text/00632-phy-212-linked-detail-capstone-design-an-experiment-general-physics-with-calculus-ph-212-400-u2026.txt,text/00632-phy-212-linked-detail-capstone-design-an-experiment-general-physics-with-calculus-ph-212-400-u2026.fulltext.txt,markdown/00632-phy-212-linked-detail-capstone-design-an-experiment-general-physics-with-calculus-ph-212-400-u2026.md,,metadata/00632-phy-212-linked-detail-capstone-design-an-experiment-general-physics-with-calculus-ph-212-400-u2026.json,7d548a8b8730d472deb0ccfaad16e79e0c6819d069e2f1eab3d3a640b57f0aa5,848c548549aaae1e70ab6625171384fe5e18868449acd8459dd78cef986f55c3,2026-07-18T06:41:03.067Z,14,41,2,0,0,0
00633-phy-212-linked-detail-capstone-lab-week-1-group-report,2053526,PHY-212,linked_detail,linked_detail,https://canvas.oregonstate.edu/courses/2053526/assignments/10557047,https://canvas.oregonstate.edu/courses/2053526/assignments/10557047,Capstone Lab Week 1 Group Report,assignment,10557047,2,,,raw_html/00633-phy-212-linked-detail-capstone-lab-week-1-group-report.html,text/00633-phy-212-linked-detail-capstone-lab-week-1-group-report.txt,text/00633-phy-212-linked-detail-capstone-lab-week-1-group-report.fulltext.txt,markdown/00633-phy-212-linked-detail-capstone-lab-week-1-group-report.md,,metadata/00633-phy-212-linked-detail-capstone-lab-week-1-group-report.json,31234d40c38f47cb3cfa591f32dbb660390d9d29867d7698f7883ae40d3a1145,62856f4e1012891efe0b734048ad2d160a2ed84f90d1c83fbae26c46deca547d,2026-07-18T06:41:05.660Z,2,59,2,0,0,0
00634-phy-212-linked-detail-capstone-lab-week-2-group-report,2053526,PHY-212,linked_detail,linked_detail,https://canvas.oregonstate.edu/courses/2053526/assignments/10557046,https://canvas.oregonstate.edu/courses/2053526/assignments/10557046,Capstone Lab Week 2 Group Report,assignment,10557046,2,,,raw_html/00634-phy-212-linked-detail-capstone-lab-week-2-group-report.html,text/00634-phy-212-linked-detail-capstone-lab-week-2-group-report.txt,text/00634-phy-212-linked-detail-capstone-lab-week-2-group-report.fulltext.txt,markdown/00634-phy-212-linked-detail-capstone-lab-week-2-group-report.md,,metadata/00634-phy-212-linked-detail-capstone-lab-week-2-group-report.json,325f7c05272af22d274e0f030ec333d4f866a6e69afdf20d9524b7a7ad33a742,9824827868ed13a8d5f004869b5a62a357ed72cdcfee4843c4323f39a3721aea,2026-07-18T06:41:08.005Z,2,59,2,0,0,0
00635-mth-252-linked-detail-intro-trigonometric-integrals-with-an-odd-power,2080857,MTH-252,linked_detail,linked_detail,https://canvas.oregonstate.edu/courses/2080857/modules/items/26982732,https://canvas.oregonstate.edu/courses/2080857/modules/items/26982732,Intro. Trigonometric integrals with an ODD power,module_item,26982732,3,,,raw_html/00635-mth-252-linked-detail-intro-trigonometric-integrals-with-an-odd-power.html,text/00635-mth-252-linked-detail-intro-trigonometric-integrals-with-an-odd-power.txt,text/00635-mth-252-linked-detail-intro-trigonometric-integrals-with-an-odd-power.fulltext.txt,markdown/00635-mth-252-linked-detail-intro-trigonometric-integrals-with-an-odd-power.md,,metadata/00635-mth-252-linked-detail-intro-trigonometric-integrals-with-an-odd-power.json,25ecb68da4f039f42530fc6008f5ddc737a20104ead5876cb13a88ee1abda4f3,7c22978eae967ec07baeb0d231b8589c3d2be1b8e40d23d9fb3cceb2741876a9,2026-07-18T06:41:10.105Z,1,30,2,0,0,0
00636-phy-212-linked-detail-hw-1-rotational-motion-general-physics-with-calculus-ph-212-400-u2026,2053526,PHY-212,linked_detail,linked_detail,https://canvas.oregonstate.edu/courses/2053526/quizzes/3160489/take?user_id=6660414,https://canvas.oregonstate.edu/courses/2053526/quizzes/3160489/take?user_id=6660414,Hw 1 - Rotational Motion: GENERAL PHYSICS WITH CALCULUS (PH_212_400_U2026),quiz,3160489,3,,,raw_html/00636-phy-212-linked-detail-hw-1-rotational-motion-general-physics-with-calculus-ph-212-400-u2026.html,text/00636-phy-212-linked-detail-hw-1-rotational-motion-general-physics-with-calculus-ph-212-400-u2026.txt,text/00636-phy-212-linked-detail-hw-1-rotational-motion-general-physics-with-calculus-ph-212-400-u2026.fulltext.txt,markdown/00636-phy-212-linked-detail-hw-1-rotational-motion-general-physics-with-calculus-ph-212-400-u2026.md,,metadata/00636-phy-212-linked-detail-hw-1-rotational-motion-general-physics-with-calculus-ph-212-400-u2026.json,8ba0778fe2153dc62c9e98c915c9e88fd8f1904334487d14027cbce632d6338c,b8fc98c6a3d4076972685c089862923a199d0c872ed9a227df21c7af903841fa,2026-07-18T06:41:13.367Z,2,82,2,0,0,0
00637-phy-212-linked-detail-jacob-peterson-s-quiz-history-hw-1-rotational-motion,2053526,PHY-212,linked_detail,linked_detail,https://canvas.oregonstate.edu/courses/2053526/quizzes/3160489/history?version=2,https://canvas.oregonstate.edu/courses/2053526/quizzes/3160489/history?version=2,Jacob Peterson's Quiz History: Hw 1 - Rotational Motion,quiz,3160489,3,,,raw_html/00637-phy-212-linked-detail-jacob-peterson-s-quiz-history-hw-1-rotational-motion.html,text/00637-phy-212-linked-detail-jacob-peterson-s-quiz-history-hw-1-rotational-motion.txt,text/00637-phy-212-linked-detail-jacob-peterson-s-quiz-history-hw-1-rotational-motion.fulltext.txt,markdown/00637-phy-212-linked-detail-jacob-peterson-s-quiz-history-hw-1-rotational-motion.md,,metadata/00637-phy-212-linked-detail-jacob-peterson-s-quiz-history-hw-1-rotational-motion.json,f373b9cec541fa22933644daa0c09ee516b17880b0227883d2b2658e93927f5a,b9c7a735fca2dfced1e93484aa2a2186d39523e6add2fd7cc25c967a5aa1024a,2026-07-18T06:41:17.013Z,1,82,2,0,0,0
00638-phy-212-linked-detail-jacob-peterson-s-quiz-history-hw-1-rotational-motion,2053526,PHY-212,linked_detail,linked_detail,https://canvas.oregonstate.edu/courses/2053526/quizzes/3160489/history?version=1,https://canvas.oregonstate.edu/courses/2053526/quizzes/3160489/history?version=1,Jacob Peterson's Quiz History: Hw 1 - Rotational Motion,quiz,3160489,3,,,raw_html/00638-phy-212-linked-detail-jacob-peterson-s-quiz-history-hw-1-rotational-motion.html,text/00638-phy-212-linked-detail-jacob-peterson-s-quiz-history-hw-1-rotational-motion.txt,text/00638-phy-212-linked-detail-jacob-peterson-s-quiz-history-hw-1-rotational-motion.fulltext.txt,markdown/00638-phy-212-linked-detail-jacob-peterson-s-quiz-history-hw-1-rotational-motion.md,,metadata/00638-phy-212-linked-detail-jacob-peterson-s-quiz-history-hw-1-rotational-motion.json,7225bfaf76373b0efba6ef02f5035a386434289136e1ea421192354dff32cb4b,9e1edecebd1909b2235f6e956315a0ff348b1b2c1d828948961b753073ea2ccd,2026-07-18T06:41:20.361Z,1,82,2,0,0,0
00639-phy-212-linked-detail-hw-1-rotational-motion-general-physics-with-calculus-ph-212-400-u2026,2053526,PHY-212,linked_detail,linked_detail,https://canvas.oregonstate.edu/courses/2053526/quizzes/3160489#,https://canvas.oregonstate.edu/courses/2053526/quizzes/3160489#,Hw 1 - Rotational Motion: GENERAL PHYSICS WITH CALCULUS (PH_212_400_U2026),quiz,3160489,3,,,raw_html/00639-phy-212-linked-detail-hw-1-rotational-motion-general-physics-with-calculus-ph-212-400-u2026.html,text/00639-phy-212-linked-detail-hw-1-rotational-motion-general-physics-with-calculus-ph-212-400-u2026.txt,text/00639-phy-212-linked-detail-hw-1-rotational-motion-general-physics-with-calculus-ph-212-400-u2026.fulltext.txt,markdown/00639-phy-212-linked-detail-hw-1-rotational-motion-general-physics-with-calculus-ph-212-400-u2026.md,,metadata/00639-phy-212-linked-detail-hw-1-rotational-motion-general-physics-with-calculus-ph-212-400-u2026.json,16640dfe33ff6c5c70d3c5db759ccf90b7939d4e3d13ef82529aa0692a803b90,b9ae12685aca58f31322416beeac76f87dbf6871538ccc077d6a3bbb7360f579,2026-07-18T06:41:23.612Z,2,82,2,0,0,0
00640-phy-212-linked-detail-unauthorized,2053526,PHY-212,linked_detail,linked_detail,https://canvas.oregonstate.edu/courses/2053526/quizzes/3160489/questions/59026233,https://canvas.oregonstate.edu/courses/2053526/quizzes/3160489/questions/59026233,Unauthorized,quiz,3160489,3,,,raw_html/00640-phy-212-linked-detail-unauthorized.html,text/00640-phy-212-linked-detail-unauthorized.txt,text/00640-phy-212-linked-detail-unauthorized.fulltext.txt,markdown/00640-phy-212-linked-detail-unauthorized.md,,metadata/00640-phy-212-linked-detail-unauthorized.json,3e41f9faa4ce532b3cfdff2011e7da7d5138fa55a3559a7a56cce3d7c79ec3dd,2b62e20d47d477eacda81c2beef0dbb06e7f4e1a1021b68e5f70be2917f36f5b,2026-07-18T06:41:26.104Z,1,13,2,0,0,0
00641-phy-212-linked-detail-unauthorized,2053526,PHY-212,linked_detail,linked_detail,https://canvas.oregonstate.edu/courses/2053526/quizzes/3160489/questions/59026234,https://canvas.oregonstate.edu/courses/2053526/quizzes/3160489/questions/59026234,Unauthorized,quiz,3160489,3,,,raw_html/00641-phy-212-linked-detail-unauthorized.html,text/00641-phy-212-linked-detail-unauthorized.txt,text/00641-phy-212-linked-detail-unauthorized.fulltext.txt,markdown/00641-phy-212-linked-detail-unauthorized.md,,metadata/00641-phy-212-linked-detail-unauthorized.json,c31d1ff42c3b04558930dae2713a59f0dea0507a986b3e4d1610abb3425a1e53,2b62e20d47d477eacda81c2beef0dbb06e7f4e1a1021b68e5f70be2917f36f5b,2026-07-18T06:41:28.555Z,1,13,2,0,0,0
00642-phy-212-linked-detail-unauthorized,2053526,PHY-212,linked_detail,linked_detail,https://canvas.oregonstate.edu/courses/2053526/quizzes/3160489/questions/59026235,https://canvas.oregonstate.edu/courses/2053526/quizzes/3160489/questions/59026235,Unauthorized,quiz,3160489,3,,,raw_html/00642-phy-212-linked-detail-unauthorized.html,text/00642-phy-212-linked-detail-unauthorized.txt,text/00642-phy-212-linked-detail-unauthorized.fulltext.txt,markdown/00642-phy-212-linked-detail-unauthorized.md,,metadata/00642-phy-212-linked-detail-unauthorized.json,c485c48ff1e44d767efd3f0381fe012d35debe8f7dc5f60bbae33fa9ba4def3c,2b62e20d47d477eacda81c2beef0dbb06e7f4e1a1021b68e5f70be2917f36f5b,2026-07-18T06:41:30.605Z,1,13,2,0,0,0
00643-phy-212-linked-detail-unauthorized,2053526,PHY-212,linked_detail,linked_detail,https://canvas.oregonstate.edu/courses/2053526/quizzes/3160489/questions/59026236,https://canvas.oregonstate.edu/courses/2053526/quizzes/3160489/questions/59026236,Unauthorized,quiz,3160489,3,,,raw_html/00643-phy-212-linked-detail-unauthorized.html,text/00643-phy-212-linked-detail-unauthorized.txt,text/00643-phy-212-linked-detail-unauthorized.fulltext.txt,markdown/00643-phy-212-linked-detail-unauthorized.md,,metadata/00643-phy-212-linked-detail-unauthorized.json,e8dcf278cf101f68a72777d8d97c104eff96e2b61356779adff9834d3d6cc1a9,2b62e20d47d477eacda81c2beef0dbb06e7f4e1a1021b68e5f70be2917f36f5b,2026-07-18T06:41:32.654Z,1,13,2,0,0,0
00644-phy-212-linked-detail-unauthorized,2053526,PHY-212,linked_detail,linked_detail,https://canvas.oregonstate.edu/courses/2053526/quizzes/3160489/questions/59026237,https://canvas.oregonstate.edu/courses/2053526/quizzes/3160489/questions/59026237,Unauthorized,quiz,3160489,3,,,raw_html/00644-phy-212-linked-detail-unauthorized.html,text/00644-phy-212-linked-detail-unauthorized.txt,text/00644-phy-212-linked-detail-unauthorized.fulltext.txt,markdown/00644-phy-212-linked-detail-unauthorized.md,,metadata/00644-phy-212-linked-detail-unauthorized.json,b189a33cc11900bdac593871fa80141250d02836e30a4c0f97c8f4e5261d3649,2b62e20d47d477eacda81c2beef0dbb06e7f4e1a1021b68e5f70be2917f36f5b,2026-07-18T06:41:35.155Z,1,13,2,0,0,0
00645-phy-212-linked-detail-unauthorized,2053526,PHY-212,linked_detail,linked_detail,https://canvas.oregonstate.edu/courses/2053526/quizzes/3160489/questions/59026238,https://canvas.oregonstate.edu/courses/2053526/quizzes/3160489/questions/59026238,Unauthorized,quiz,3160489,3,,,raw_html/00645-phy-212-linked-detail-unauthorized.html,text/00645-phy-212-linked-detail-unauthorized.txt,text/00645-phy-212-linked-detail-unauthorized.fulltext.txt,markdown/00645-phy-212-linked-detail-unauthorized.md,,metadata/00645-phy-212-linked-detail-unauthorized.json,0ff9a04685afeb4659d6a653e8cfd022c23f20a5c5e4d8174fc62285a8cf4ee4,2b62e20d47d477eacda81c2beef0dbb06e7f4e1a1021b68e5f70be2917f36f5b,2026-07-18T06:41:37.156Z,1,13,2,0,0,0
00646-phy-212-linked-detail-unauthorized,2053526,PHY-212,linked_detail,linked_detail,https://canvas.oregonstate.edu/courses/2053526/quizzes/3160489/questions/59026239,https://canvas.oregonstate.edu/courses/2053526/quizzes/3160489/questions/59026239,Unauthorized,quiz,3160489,3,,,raw_html/00646-phy-212-linked-detail-unauthorized.html,text/00646-phy-212-linked-detail-unauthorized.txt,text/00646-phy-212-linked-detail-unauthorized.fulltext.txt,markdown/00646-phy-212-linked-detail-unauthorized.md,,metadata/00646-phy-212-linked-detail-unauthorized.json,660c1fbb6b3f8f3efe00739ce15c2fc9b27aefd59b2ae8ca81db0a7eba003394,2b62e20d47d477eacda81c2beef0dbb06e7f4e1a1021b68e5f70be2917f36f5b,2026-07-18T06:41:39.204Z,1,13,2,0,0,0
00647-phy-212-linked-detail-unauthorized,2053526,PHY-212,linked_detail,linked_detail,https://canvas.oregonstate.edu/courses/2053526/quizzes/3160489/questions/59026240,https://canvas.oregonstate.edu/courses/2053526/quizzes/3160489/questions/59026240,Unauthorized,quiz,3160489,3,,,raw_html/00647-phy-212-linked-detail-unauthorized.html,text/00647-phy-212-linked-detail-unauthorized.txt,text/00647-phy-212-linked-detail-unauthorized.fulltext.txt,markdown/00647-phy-212-linked-detail-unauthorized.md,,metadata/00647-phy-212-linked-detail-unauthorized.json,e62b820aae52f34d999625d3a43586d856368c4b4b79484d277097e2841101f3,2b62e20d47d477eacda81c2beef0dbb06e7f4e1a1021b68e5f70be2917f36f5b,2026-07-18T06:41:41.456Z,1,13,2,0,0,0
00648-phy-212-linked-detail-unauthorized,2053526,PHY-212,linked_detail,linked_detail,https://canvas.oregonstate.edu/courses/2053526/quizzes/3160489/questions/59026241,https://canvas.oregonstate.edu/courses/2053526/quizzes/3160489/questions/59026241,Unauthorized,quiz,3160489,3,,,raw_html/00648-phy-212-linked-detail-unauthorized.html,text/00648-phy-212-linked-detail-unauthorized.txt,text/00648-phy-212-linked-detail-unauthorized.fulltext.txt,markdown/00648-phy-212-linked-detail-unauthorized.md,,metadata/00648-phy-212-linked-detail-unauthorized.json,c4491da0beee13cbb732dc8bf789cb435feb3e0728f3155024799ca4886e99c1,2b62e20d47d477eacda81c2beef0dbb06e7f4e1a1021b68e5f70be2917f36f5b,2026-07-18T06:41:43.554Z,1,13,2,0,0,0
00649-phy-212-linked-detail-unauthorized,2053526,PHY-212,linked_detail,linked_detail,https://canvas.oregonstate.edu/courses/2053526/quizzes/3160489/questions/59026242,https://canvas.oregonstate.edu/courses/2053526/quizzes/3160489/questions/59026242,Unauthorized,quiz,3160489,3,,,raw_html/00649-phy-212-linked-detail-unauthorized.html,text/00649-phy-212-linked-detail-unauthorized.txt,text/00649-phy-212-linked-detail-unauthorized.fulltext.txt,markdown/00649-phy-212-linked-detail-unauthorized.md,,metadata/00649-phy-212-linked-detail-unauthorized.json,c9ce87ccc190dcbcf057061774f409b809443298dd97522a57e2844a1ce74ce1,2b62e20d47d477eacda81c2beef0dbb06e7f4e1a1021b68e5f70be2917f36f5b,2026-07-18T06:41:45.660Z,1,13,2,0,0,0
00650-phy-212-linked-detail-unauthorized,2053526,PHY-212,linked_detail,linked_detail,https://canvas.oregonstate.edu/courses/2053526/quizzes/3160489/questions/59026243,https://canvas.oregonstate.edu/courses/2053526/quizzes/3160489/questions/59026243,Unauthorized,quiz,3160489,3,,,raw_html/00650-phy-212-linked-detail-unauthorized.html,text/00650-phy-212-linked-detail-unauthorized.txt,text/00650-phy-212-linked-detail-unauthorized.fulltext.txt,markdown/00650-phy-212-linked-detail-unauthorized.md,,metadata/00650-phy-212-linked-detail-unauthorized.json,3823a21066e2e19b4704591f91e57906daeb595f7024bbee19ebf3ed062b8682,2b62e20d47d477eacda81c2beef0dbb06e7f4e1a1021b68e5f70be2917f36f5b,2026-07-18T06:41:47.754Z,1,13,2,0,0,0
00651-phy-212-linked-detail-unauthorized,2053526,PHY-212,linked_detail,linked_detail,https://canvas.oregonstate.edu/courses/2053526/quizzes/3160489/questions/59026244,https://canvas.oregonstate.edu/courses/2053526/quizzes/3160489/questions/59026244,Unauthorized,quiz,3160489,3,,,raw_html/00651-phy-212-linked-detail-unauthorized.html,text/00651-phy-212-linked-detail-unauthorized.txt,text/00651-phy-212-linked-detail-unauthorized.fulltext.txt,markdown/00651-phy-212-linked-detail-unauthorized.md,,metadata/00651-phy-212-linked-detail-unauthorized.json,d1fc3f355673ccc0c0c81759d65288d92691d0ab8d403c4e3a92d0c0c0269ce5,2b62e20d47d477eacda81c2beef0dbb06e7f4e1a1021b68e5f70be2917f36f5b,2026-07-18T06:41:51.959Z,1,13,2,0,0,0
00652-phy-212-linked-detail-unauthorized,2053526,PHY-212,linked_detail,linked_detail,https://canvas.oregonstate.edu/courses/2053526/quizzes/3160489/questions/59026245,https://canvas.oregonstate.edu/courses/2053526/quizzes/3160489/questions/59026245,Unauthorized,quiz,3160489,3,,,raw_html/00652-phy-212-linked-detail-unauthorized.html,text/00652-phy-212-linked-detail-unauthorized.txt,text/00652-phy-212-linked-detail-unauthorized.fulltext.txt,markdown/00652-phy-212-linked-detail-unauthorized.md,,metadata/00652-phy-212-linked-detail-unauthorized.json,60ed5a097936419474211634b19e832862cf2de894a9a9c4846d1fa880aceae9,2b62e20d47d477eacda81c2beef0dbb06e7f4e1a1021b68e5f70be2917f36f5b,2026-07-18T06:41:55.746Z,1,13,2,0,0,0
00653-phy-212-linked-detail-unauthorized,2053526,PHY-212,linked_detail,linked_detail,https://canvas.oregonstate.edu/courses/2053526/quizzes/3160489/questions/59026246,https://canvas.oregonstate.edu/courses/2053526/quizzes/3160489/questions/59026246,Unauthorized,quiz,3160489,3,,,raw_html/00653-phy-212-linked-detail-unauthorized.html,text/00653-phy-212-linked-detail-unauthorized.txt,text/00653-phy-212-linked-detail-unauthorized.fulltext.txt,markdown/00653-phy-212-linked-detail-unauthorized.md,,metadata/00653-phy-212-linked-detail-unauthorized.json,34ac299fd0ba017525db5d2a4b1b0c4b538b4b439e0f057cede9b99758615fd2,2b62e20d47d477eacda81c2beef0dbb06e7f4e1a1021b68e5f70be2917f36f5b,2026-07-18T06:41:58.712Z,1,13,2,0,0,0
00654-phy-212-linked-detail-unauthorized,2053526,PHY-212,linked_detail,linked_detail,https://canvas.oregonstate.edu/courses/2053526/quizzes/3160489/questions/59026247,https://canvas.oregonstate.edu/courses/2053526/quizzes/3160489/questions/59026247,Unauthorized,quiz,3160489,3,,,raw_html/00654-phy-212-linked-detail-unauthorized.html,text/00654-phy-212-linked-detail-unauthorized.txt,text/00654-phy-212-linked-detail-unauthorized.fulltext.txt,markdown/00654-phy-212-linked-detail-unauthorized.md,,metadata/00654-phy-212-linked-detail-unauthorized.json,7351300dd6c04bc16eb89876893a39c0e039e4b59ba25c992cc050201260e179,2b62e20d47d477eacda81c2beef0dbb06e7f4e1a1021b68e5f70be2917f36f5b,2026-07-18T06:42:01.709Z,1,13,2,0,0,0
00655-phy-212-linked-detail-hw-2-rotational-dynamics-general-physics-with-calculus-ph-212-400-u2026,2053526,PHY-212,linked_detail,linked_detail,https://canvas.oregonstate.edu/courses/2053526/quizzes/3160444/take?user_id=6660414,https://canvas.oregonstate.edu/courses/2053526/quizzes/3160444/take?user_id=6660414,Hw 2 - Rotational Dynamics: GENERAL PHYSICS WITH CALCULUS (PH_212_400_U2026),quiz,3160444,3,,,raw_html/00655-phy-212-linked-detail-hw-2-rotational-dynamics-general-physics-with-calculus-ph-212-400-u2026.html,text/00655-phy-212-linked-detail-hw-2-rotational-dynamics-general-physics-with-calculus-ph-212-400-u2026.txt,text/00655-phy-212-linked-detail-hw-2-rotational-dynamics-general-physics-with-calculus-ph-212-400-u2026.fulltext.txt,markdown/00655-phy-212-linked-detail-hw-2-rotational-dynamics-general-physics-with-calculus-ph-212-400-u2026.md,,metadata/00655-phy-212-linked-detail-hw-2-rotational-dynamics-general-physics-with-calculus-ph-212-400-u2026.json,19e73b6d89a4a1de07871c6519731b7647290a768aaeee15b30b1809fb10ce20,cce278bfcca25d390014827f2bfcaaf502dd0f8b663698e5b8238a5e34881d2a,2026-07-18T06:42:05.575Z,2,75,2,0,0,0
00656-phy-212-linked-detail-jacob-peterson-s-quiz-history-hw-2-rotational-dynamics,2053526,PHY-212,linked_detail,linked_detail,https://canvas.oregonstate.edu/courses/2053526/quizzes/3160444/history?version=1,https://canvas.oregonstate.edu/courses/2053526/quizzes/3160444/history?version=1,Jacob Peterson's Quiz History: Hw 2 - Rotational Dynamics,quiz,3160444,3,,,raw_html/00656-phy-212-linked-detail-jacob-peterson-s-quiz-history-hw-2-rotational-dynamics.html,text/00656-phy-212-linked-detail-jacob-peterson-s-quiz-history-hw-2-rotational-dynamics.txt,text/00656-phy-212-linked-detail-jacob-peterson-s-quiz-history-hw-2-rotational-dynamics.fulltext.txt,markdown/00656-phy-212-linked-detail-jacob-peterson-s-quiz-history-hw-2-rotational-dynamics.md,,metadata/00656-phy-212-linked-detail-jacob-peterson-s-quiz-history-hw-2-rotational-dynamics.json,90169d81226fc48b374b9b70d09876add9ac0d8c120c70a57f87fc7fc833658d,8487278b5ff436af3436828e354249e1ebb5b153294d6545b90262baae975fec,2026-07-18T06:42:08.719Z,1,75,2,0,0,0
00657-phy-212-linked-detail-unauthorized,2053526,PHY-212,linked_detail,linked_detail,https://canvas.oregonstate.edu/courses/2053526/quizzes/3160444/questions/59025986,https://canvas.oregonstate.edu/courses/2053526/quizzes/3160444/questions/59025986,Unauthorized,quiz,3160444,3,,,raw_html/00657-phy-212-linked-detail-unauthorized.html,text/00657-phy-212-linked-detail-unauthorized.txt,text/00657-phy-212-linked-detail-unauthorized.fulltext.txt,markdown/00657-phy-212-linked-detail-unauthorized.md,,metadata/00657-phy-212-linked-detail-unauthorized.json,972ceb3aa9e296f12e33c8e2213ea406f460fba10217dec1408b1bb40845d7a8,2b62e20d47d477eacda81c2beef0dbb06e7f4e1a1021b68e5f70be2917f36f5b,2026-07-18T06:42:11.309Z,1,13,2,0,0,0
00658-phy-212-linked-detail-unauthorized,2053526,PHY-212,linked_detail,linked_detail,https://canvas.oregonstate.edu/courses/2053526/quizzes/3160444/questions/59025987,https://canvas.oregonstate.edu/courses/2053526/quizzes/3160444/questions/59025987,Unauthorized,quiz,3160444,3,,,raw_html/00658-phy-212-linked-detail-unauthorized.html,text/00658-phy-212-linked-detail-unauthorized.txt,text/00658-phy-212-linked-detail-unauthorized.fulltext.txt,markdown/00658-phy-212-linked-detail-unauthorized.md,,metadata/00658-phy-212-linked-detail-unauthorized.json,a39d493852db42cc336a230ea4487f306b1b11db10885295857a3e8e2baee328,2b62e20d47d477eacda81c2beef0dbb06e7f4e1a1021b68e5f70be2917f36f5b,2026-07-18T06:42:13.456Z,1,13,2,0,0,0
00659-phy-212-linked-detail-unauthorized,2053526,PHY-212,linked_detail,linked_detail,https://canvas.oregonstate.edu/courses/2053526/quizzes/3160444/questions/59025988,https://canvas.oregonstate.edu/courses/2053526/quizzes/3160444/questions/59025988,Unauthorized,quiz,3160444,3,,,raw_html/00659-phy-212-linked-detail-unauthorized.html,text/00659-phy-212-linked-detail-unauthorized.txt,text/00659-phy-212-linked-detail-unauthorized.fulltext.txt,markdown/00659-phy-212-linked-detail-unauthorized.md,,metadata/00659-phy-212-linked-detail-unauthorized.json,c83f5ff54527fbdf07b7aa938ea57fabecb7d69d349999a055b8c1e811b0c74b,2b62e20d47d477eacda81c2beef0dbb06e7f4e1a1021b68e5f70be2917f36f5b,2026-07-18T06:42:15.806Z,1,13,2,0,0,0
00660-phy-212-linked-detail-unauthorized,2053526,PHY-212,linked_detail,linked_detail,https://canvas.oregonstate.edu/courses/2053526/quizzes/3160444/questions/59025989,https://canvas.oregonstate.edu/courses/2053526/quizzes/3160444/questions/59025989,Unauthorized,quiz,3160444,3,,,raw_html/00660-phy-212-linked-detail-unauthorized.html,text/00660-phy-212-linked-detail-unauthorized.txt,text/00660-phy-212-linked-detail-unauthorized.fulltext.txt,markdown/00660-phy-212-linked-detail-unauthorized.md,,metadata/00660-phy-212-linked-detail-unauthorized.json,cbf4b3c05ef6155f340f830fae722dec5c6eefe552cb51aa9207bf0522570eaf,2b62e20d47d477eacda81c2beef0dbb06e7f4e1a1021b68e5f70be2917f36f5b,2026-07-18T06:42:18.268Z,1,13,2,0,0,0
00661-phy-212-linked-detail-unauthorized,2053526,PHY-212,linked_detail,linked_detail,https://canvas.oregonstate.edu/courses/2053526/quizzes/3160444/questions/59025990,https://canvas.oregonstate.edu/courses/2053526/quizzes/3160444/questions/59025990,Unauthorized,quiz,3160444,3,,,raw_html/00661-phy-212-linked-detail-unauthorized.html,text/00661-phy-212-linked-detail-unauthorized.txt,text/00661-phy-212-linked-detail-unauthorized.fulltext.txt,markdown/00661-phy-212-linked-detail-unauthorized.md,,metadata/00661-phy-212-linked-detail-unauthorized.json,6f2a3b0549beb38f8f8e4e20cbe677a1df60f9c5998266216d70657585ef6812,2b62e20d47d477eacda81c2beef0dbb06e7f4e1a1021b68e5f70be2917f36f5b,2026-07-18T06:42:20.605Z,1,13,2,0,0,0
00662-phy-212-linked-detail-unauthorized,2053526,PHY-212,linked_detail,linked_detail,https://canvas.oregonstate.edu/courses/2053526/quizzes/3160444/questions/59025991,https://canvas.oregonstate.edu/courses/2053526/quizzes/3160444/questions/59025991,Unauthorized,quiz,3160444,3,,,raw_html/00662-phy-212-linked-detail-unauthorized.html,text/00662-phy-212-linked-detail-unauthorized.txt,text/00662-phy-212-linked-detail-unauthorized.fulltext.txt,markdown/00662-phy-212-linked-detail-unauthorized.md,,metadata/00662-phy-212-linked-detail-unauthorized.json,cd58f13fa621f28009ba915f3227d497a44585723c63b96428b54ad17923a744,2b62e20d47d477eacda81c2beef0dbb06e7f4e1a1021b68e5f70be2917f36f5b,2026-07-18T06:42:23.055Z,1,13,2,0,0,0
00663-phy-212-linked-detail-unauthorized,2053526,PHY-212,linked_detail,linked_detail,https://canvas.oregonstate.edu/courses/2053526/quizzes/3160444/questions/59025992,https://canvas.oregonstate.edu/courses/2053526/quizzes/3160444/questions/59025992,Unauthorized,quiz,3160444,3,,,raw_html/00663-phy-212-linked-detail-unauthorized.html,text/00663-phy-212-linked-detail-unauthorized.txt,text/00663-phy-212-linked-detail-unauthorized.fulltext.txt,markdown/00663-phy-212-linked-detail-unauthorized.md,,metadata/00663-phy-212-linked-detail-unauthorized.json,ef685d54e23d73591fc6115646c4ec74b650a52a9fafba18dc87caa2164e1cad,2b62e20d47d477eacda81c2beef0dbb06e7f4e1a1021b68e5f70be2917f36f5b,2026-07-18T06:42:25.358Z,1,13,2,0,0,0
00664-phy-212-linked-detail-unauthorized,2053526,PHY-212,linked_detail,linked_detail,https://canvas.oregonstate.edu/courses/2053526/quizzes/3160444/questions/59025993,https://canvas.oregonstate.edu/courses/2053526/quizzes/3160444/questions/59025993,Unauthorized,quiz,3160444,3,,,raw_html/00664-phy-212-linked-detail-unauthorized.html,text/00664-phy-212-linked-detail-unauthorized.txt,text/00664-phy-212-linked-detail-unauthorized.fulltext.txt,markdown/00664-phy-212-linked-detail-unauthorized.md,,metadata/00664-phy-212-linked-detail-unauthorized.json,0bd8f02e7b15901b796aa68c092c2abf4ed1074c6a348f0a55fca7668cc87357,2b62e20d47d477eacda81c2beef0dbb06e7f4e1a1021b68e5f70be2917f36f5b,2026-07-18T06:42:27.706Z,1,13,2,0,0,0
00665-phy-212-linked-detail-unauthorized,2053526,PHY-212,linked_detail,linked_detail,https://canvas.oregonstate.edu/courses/2053526/quizzes/3160444/questions/59025994,https://canvas.oregonstate.edu/courses/2053526/quizzes/3160444/questions/59025994,Unauthorized,quiz,3160444,3,,,raw_html/00665-phy-212-linked-detail-unauthorized.html,text/00665-phy-212-linked-detail-unauthorized.txt,text/00665-phy-212-linked-detail-unauthorized.fulltext.txt,markdown/00665-phy-212-linked-detail-unauthorized.md,,metadata/00665-phy-212-linked-detail-unauthorized.json,98f413cb169462fe8ed583a10f6f9a9d3fe3b1025e7888ccf8b8ed558250d8bc,2b62e20d47d477eacda81c2beef0dbb06e7f4e1a1021b68e5f70be2917f36f5b,2026-07-18T06:42:29.955Z,1,13,2,0,0,0
00666-phy-212-linked-detail-unauthorized,2053526,PHY-212,linked_detail,linked_detail,https://canvas.oregonstate.edu/courses/2053526/quizzes/3160444/questions/59025995,https://canvas.oregonstate.edu/courses/2053526/quizzes/3160444/questions/59025995,Unauthorized,quiz,3160444,3,,,raw_html/00666-phy-212-linked-detail-unauthorized.html,text/00666-phy-212-linked-detail-unauthorized.txt,text/00666-phy-212-linked-detail-unauthorized.fulltext.txt,markdown/00666-phy-212-linked-detail-unauthorized.md,,metadata/00666-phy-212-linked-detail-unauthorized.json,b7c0e43ccd023d84b7fc2cb099895f16a49ce4da66248dd5e40916cf407e43b4,2b62e20d47d477eacda81c2beef0dbb06e7f4e1a1021b68e5f70be2917f36f5b,2026-07-18T06:42:32.057Z,1,13,2,0,0,0
00667-phy-212-linked-detail-unauthorized,2053526,PHY-212,linked_detail,linked_detail,https://canvas.oregonstate.edu/courses/2053526/quizzes/3160444/questions/59025996,https://canvas.oregonstate.edu/courses/2053526/quizzes/3160444/questions/59025996,Unauthorized,quiz,3160444,3,,,raw_html/00667-phy-212-linked-detail-unauthorized.html,text/00667-phy-212-linked-detail-unauthorized.txt,text/00667-phy-212-linked-detail-unauthorized.fulltext.txt,markdown/00667-phy-212-linked-detail-unauthorized.md,,metadata/00667-phy-212-linked-detail-unauthorized.json,2378c14e2a7f57b9aa925095cbc699a74ff11d0b82fe4361df016dbcae53d9f0,2b62e20d47d477eacda81c2beef0dbb06e7f4e1a1021b68e5f70be2917f36f5b,2026-07-18T06:42:34.405Z,1,13,2,0,0,0
00668-phy-212-linked-detail-unauthorized,2053526,PHY-212,linked_detail,linked_detail,https://canvas.oregonstate.edu/courses/2053526/quizzes/3160444/questions/59025997,https://canvas.oregonstate.edu/courses/2053526/quizzes/3160444/questions/59025997,Unauthorized,quiz,3160444,3,,,raw_html/00668-phy-212-linked-detail-unauthorized.html,text/00668-phy-212-linked-detail-unauthorized.txt,text/00668-phy-212-linked-detail-unauthorized.fulltext.txt,markdown/00668-phy-212-linked-detail-unauthorized.md,,metadata/00668-phy-212-linked-detail-unauthorized.json,686aa2b1d94381e457114bfbc0ff53464b942c6063d8d9cd7eae7dcc6dae43f3,2b62e20d47d477eacda81c2beef0dbb06e7f4e1a1021b68e5f70be2917f36f5b,2026-07-18T06:42:36.715Z,1,13,2,0,0,0
00669-phy-212-linked-detail-unauthorized,2053526,PHY-212,linked_detail,linked_detail,https://canvas.oregonstate.edu/courses/2053526/quizzes/3160444/questions/59025998,https://canvas.oregonstate.edu/courses/2053526/quizzes/3160444/questions/59025998,Unauthorized,quiz,3160444,3,,,raw_html/00669-phy-212-linked-detail-unauthorized.html,text/00669-phy-212-linked-detail-unauthorized.txt,text/00669-phy-212-linked-detail-unauthorized.fulltext.txt,markdown/00669-phy-212-linked-detail-unauthorized.md,,metadata/00669-phy-212-linked-detail-unauthorized.json,f620cbd3637f7bba5e904d661d3561b7cfbf08c20c016827a9e7500c49e071a5,2b62e20d47d477eacda81c2beef0dbb06e7f4e1a1021b68e5f70be2917f36f5b,2026-07-18T06:42:39.109Z,1,13,2,0,0,0
00670-phy-212-linked-detail-m1-1pre-general-physics-with-calculus-ph-212-400-u2026,2053526,PHY-212,linked_detail,linked_detail,https://canvas.oregonstate.edu/courses/2053526/quizzes/3160514/take?user_id=6660414,https://canvas.oregonstate.edu/courses/2053526/quizzes/3160514/take?user_id=6660414,M1-1pre: GENERAL PHYSICS WITH CALCULUS (PH_212_400_U2026),quiz,3160514,3,,,raw_html/00670-phy-212-linked-detail-m1-1pre-general-physics-with-calculus-ph-212-400-u2026.html,text/00670-phy-212-linked-detail-m1-1pre-general-physics-with-calculus-ph-212-400-u2026.txt,text/00670-phy-212-linked-detail-m1-1pre-general-physics-with-calculus-ph-212-400-u2026.fulltext.txt,markdown/00670-phy-212-linked-detail-m1-1pre-general-physics-with-calculus-ph-212-400-u2026.md,,metadata/00670-phy-212-linked-detail-m1-1pre-general-physics-with-calculus-ph-212-400-u2026.json,0726cf9bf15a185c883ea91a49db3add3a1a7f3b8b61859094d10b558b7f6308,82498bc6acdfc558494a79b176bae5c8716aea0fc375c22babe79b0a56d87ce4,2026-07-18T06:42:41.907Z,2,40,2,0,0,0
00671-phy-212-linked-detail-jacob-peterson-s-quiz-history-m1-1pre,2053526,PHY-212,linked_detail,linked_detail,https://canvas.oregonstate.edu/courses/2053526/quizzes/3160514/history?version=1,https://canvas.oregonstate.edu/courses/2053526/quizzes/3160514/history?version=1,Jacob Peterson's Quiz History: M1-1pre,quiz,3160514,3,,,raw_html/00671-phy-212-linked-detail-jacob-peterson-s-quiz-history-m1-1pre.html,text/00671-phy-212-linked-detail-jacob-peterson-s-quiz-history-m1-1pre.txt,text/00671-phy-212-linked-detail-jacob-peterson-s-quiz-history-m1-1pre.fulltext.txt,markdown/00671-phy-212-linked-detail-jacob-peterson-s-quiz-history-m1-1pre.md,,metadata/00671-phy-212-linked-detail-jacob-peterson-s-quiz-history-m1-1pre.json,386b74d4c5bae615cb565c9bf9ec71e1a2f9b8a032fd2f7c9218a5c5c97d27b8,9ac8821860d66e69ed175532c185228699c4d622852f26ae68a2ceaa0aee5edb,2026-07-18T06:42:45.155Z,1,40,2,0,0,0
00672-phy-212-linked-detail-m1-1pre-general-physics-with-calculus-ph-212-400-u2026,2053526,PHY-212,linked_detail,linked_detail,https://canvas.oregonstate.edu/courses/2053526/quizzes/3160514#,https://canvas.oregonstate.edu/courses/2053526/quizzes/3160514#,M1-1pre: GENERAL PHYSICS WITH CALCULUS (PH_212_400_U2026),quiz,3160514,3,,,raw_html/00672-phy-212-linked-detail-m1-1pre-general-physics-with-calculus-ph-212-400-u2026.html,text/00672-phy-212-linked-detail-m1-1pre-general-physics-with-calculus-ph-212-400-u2026.txt,text/00672-phy-212-linked-detail-m1-1pre-general-physics-with-calculus-ph-212-400-u2026.fulltext.txt,markdown/00672-phy-212-linked-detail-m1-1pre-general-physics-with-calculus-ph-212-400-u2026.md,,metadata/00672-phy-212-linked-detail-m1-1pre-general-physics-with-calculus-ph-212-400-u2026.json,86158c5929f678c229f922ac5579e987979d8cfb9dbd794aee75d99e2b34ab6a,00d2c8d478d875782244da209c71d9d555e65259afd4e46b602241b00c3fdfe9,2026-07-18T06:42:47.963Z,3,41,2,0,0,0
00673-phy-212-linked-detail-unauthorized,2053526,PHY-212,linked_detail,linked_detail,https://canvas.oregonstate.edu/courses/2053526/quizzes/3160514/questions/59026348,https://canvas.oregonstate.edu/courses/2053526/quizzes/3160514/questions/59026348,Unauthorized,quiz,3160514,3,,,raw_html/00673-phy-212-linked-detail-unauthorized.html,text/00673-phy-212-linked-detail-unauthorized.txt,text/00673-phy-212-linked-detail-unauthorized.fulltext.txt,markdown/00673-phy-212-linked-detail-unauthorized.md,,metadata/00673-phy-212-linked-detail-unauthorized.json,96673e2e1c23f04c345dd9be718f5018eaf8679c5b90cddd729f3bcfa22f4ad6,2b62e20d47d477eacda81c2beef0dbb06e7f4e1a1021b68e5f70be2917f36f5b,2026-07-18T06:42:50.714Z,1,13,2,0,0,0
00674-phy-212-linked-detail-m1-2pre-general-physics-with-calculus-ph-212-400-u2026,2053526,PHY-212,linked_detail,linked_detail,https://canvas.oregonstate.edu/courses/2053526/quizzes/3160464/take?user_id=6660414,https://canvas.oregonstate.edu/courses/2053526/quizzes/3160464/take?user_id=6660414,M1-2pre: GENERAL PHYSICS WITH CALCULUS (PH_212_400_U2026),quiz,3160464,3,,,raw_html/00674-phy-212-linked-detail-m1-2pre-general-physics-with-calculus-ph-212-400-u2026.html,text/00674-phy-212-linked-detail-m1-2pre-general-physics-with-calculus-ph-212-400-u2026.txt,text/00674-phy-212-linked-detail-m1-2pre-general-physics-with-calculus-ph-212-400-u2026.fulltext.txt,markdown/00674-phy-212-linked-detail-m1-2pre-general-physics-with-calculus-ph-212-400-u2026.md,,metadata/00674-phy-212-linked-detail-m1-2pre-general-physics-with-calculus-ph-212-400-u2026.json,b6276ba0a1617a45dad28cc0ad0e77d8c2a151d577665d499296d70f91e675f7,a83f0d1281467950d3400ce887a649aeb77254a45de3369fb02618d3bcd7feb4,2026-07-18T06:42:53.409Z,2,39,2,0,0,0
00675-phy-212-linked-detail-jacob-peterson-s-quiz-history-m1-2pre,2053526,PHY-212,linked_detail,linked_detail,https://canvas.oregonstate.edu/courses/2053526/quizzes/3160464/history?version=1,https://canvas.oregonstate.edu/courses/2053526/quizzes/3160464/history?version=1,Jacob Peterson's Quiz History: M1-2pre,quiz,3160464,3,,,raw_html/00675-phy-212-linked-detail-jacob-peterson-s-quiz-history-m1-2pre.html,text/00675-phy-212-linked-detail-jacob-peterson-s-quiz-history-m1-2pre.txt,text/00675-phy-212-linked-detail-jacob-peterson-s-quiz-history-m1-2pre.fulltext.txt,markdown/00675-phy-212-linked-detail-jacob-peterson-s-quiz-history-m1-2pre.md,,metadata/00675-phy-212-linked-detail-jacob-peterson-s-quiz-history-m1-2pre.json,8a08a15e5e4d98a55f1c221b57b77e93c659130a801fb7d60fc68b93b549b9af,d9b637d42abf419b968c7922d1660cdd013959832d6b4e6893a87888c4068efb,2026-07-18T06:42:56.159Z,1,39,2,0,0,0
00676-phy-212-linked-detail-m1-2pre-general-physics-with-calculus-ph-212-400-u2026,2053526,PHY-212,linked_detail,linked_detail,https://canvas.oregonstate.edu/courses/2053526/quizzes/3160464#,https://canvas.oregonstate.edu/courses/2053526/quizzes/3160464#,M1-2pre: GENERAL PHYSICS WITH CALCULUS (PH_212_400_U2026),quiz,3160464,3,,,raw_html/00676-phy-212-linked-detail-m1-2pre-general-physics-with-calculus-ph-212-400-u2026.html,text/00676-phy-212-linked-detail-m1-2pre-general-physics-with-calculus-ph-212-400-u2026.txt,text/00676-phy-212-linked-detail-m1-2pre-general-physics-with-calculus-ph-212-400-u2026.fulltext.txt,markdown/00676-phy-212-linked-detail-m1-2pre-general-physics-with-calculus-ph-212-400-u2026.md,,metadata/00676-phy-212-linked-detail-m1-2pre-general-physics-with-calculus-ph-212-400-u2026.json,66ca0f2e635785a37d6b6afc5404d5a9d77b484f7a0572d2e1e47229cdf9d73d,42df59110d6b68595abaf80f1c888af7185227a9aff00e1f35341fb79fc8a3e6,2026-07-18T06:42:58.660Z,3,40,2,0,0,0
00677-phy-212-linked-detail-unauthorized,2053526,PHY-212,linked_detail,linked_detail,https://canvas.oregonstate.edu/courses/2053526/quizzes/3160464/questions/59026118,https://canvas.oregonstate.edu/courses/2053526/quizzes/3160464/questions/59026118,Unauthorized,quiz,3160464,3,,,raw_html/00677-phy-212-linked-detail-unauthorized.html,text/00677-phy-212-linked-detail-unauthorized.txt,text/00677-phy-212-linked-detail-unauthorized.fulltext.txt,markdown/00677-phy-212-linked-detail-unauthorized.md,,metadata/00677-phy-212-linked-detail-unauthorized.json,e40aefe6180409f399135e9ad7c935866325d221d90977a03ed81eb6c0dfc52d,2b62e20d47d477eacda81c2beef0dbb06e7f4e1a1021b68e5f70be2917f36f5b,2026-07-18T06:43:01.160Z,1,13,2,0,0,0
00678-phy-212-linked-detail-jacob-peterson-s-quiz-history-m1-3pre,2053526,PHY-212,linked_detail,linked_detail,https://canvas.oregonstate.edu/courses/2053526/quizzes/3160475/history?version=1,https://canvas.oregonstate.edu/courses/2053526/quizzes/3160475/history?version=1,Jacob Peterson's Quiz History: M1-3pre,quiz,3160475,3,,,raw_html/00678-phy-212-linked-detail-jacob-peterson-s-quiz-history-m1-3pre.html,text/00678-phy-212-linked-detail-jacob-peterson-s-quiz-history-m1-3pre.txt,text/00678-phy-212-linked-detail-jacob-peterson-s-quiz-history-m1-3pre.fulltext.txt,markdown/00678-phy-212-linked-detail-jacob-peterson-s-quiz-history-m1-3pre.md,,metadata/00678-phy-212-linked-detail-jacob-peterson-s-quiz-history-m1-3pre.json,6d49393b94a1d775b79e59cd0d259427181ea88311f314ca123dd19189b3f127,3ec2e0477c591a0d24ebb078382bc5d20d394ee262287c38e3fac74fca437461,2026-07-18T06:43:03.562Z,1,39,2,0,0,0
00679-phy-212-linked-detail-unauthorized,2053526,PHY-212,linked_detail,linked_detail,https://canvas.oregonstate.edu/courses/2053526/quizzes/3160475/questions/59026167,https://canvas.oregonstate.edu/courses/2053526/quizzes/3160475/questions/59026167,Unauthorized,quiz,3160475,3,,,raw_html/00679-phy-212-linked-detail-unauthorized.html,text/00679-phy-212-linked-detail-unauthorized.txt,text/00679-phy-212-linked-detail-unauthorized.fulltext.txt,markdown/00679-phy-212-linked-detail-unauthorized.md,,metadata/00679-phy-212-linked-detail-unauthorized.json,89b42662603c96f945fa3dbc760fb6414f32ed9c4a06c92359d782e9d4c4ca6d,2b62e20d47d477eacda81c2beef0dbb06e7f4e1a1021b68e5f70be2917f36f5b,2026-07-18T06:43:05.757Z,1,13,2,0,0,0
00680-phy-212-linked-detail-jacob-peterson-s-quiz-history-m1-4pre,2053526,PHY-212,linked_detail,linked_detail,https://canvas.oregonstate.edu/courses/2053526/quizzes/3160500/history?version=1,https://canvas.oregonstate.edu/courses/2053526/quizzes/3160500/history?version=1,Jacob Peterson's Quiz History: M1-4pre,quiz,3160500,3,,,raw_html/00680-phy-212-linked-detail-jacob-peterson-s-quiz-history-m1-4pre.html,text/00680-phy-212-linked-detail-jacob-peterson-s-quiz-history-m1-4pre.txt,text/00680-phy-212-linked-detail-jacob-peterson-s-quiz-history-m1-4pre.fulltext.txt,markdown/00680-phy-212-linked-detail-jacob-peterson-s-quiz-history-m1-4pre.md,,metadata/00680-phy-212-linked-detail-jacob-peterson-s-quiz-history-m1-4pre.json,8e046da6c4749368bf8723b485970386494459feda1e5a4feb84886674c91aed,304c3676aa45cf4ec481e8a016c06ce13cb165d3836990b982439e1d9c6c7355,2026-07-18T06:43:08.260Z,1,39,2,0,0,0
00681-phy-212-linked-detail-unauthorized,2053526,PHY-212,linked_detail,linked_detail,https://canvas.oregonstate.edu/courses/2053526/quizzes/3160500/questions/59026278,https://canvas.oregonstate.edu/courses/2053526/quizzes/3160500/questions/59026278,Unauthorized,quiz,3160500,3,,,raw_html/00681-phy-212-linked-detail-unauthorized.html,text/00681-phy-212-linked-detail-unauthorized.txt,text/00681-phy-212-linked-detail-unauthorized.fulltext.txt,markdown/00681-phy-212-linked-detail-unauthorized.md,,metadata/00681-phy-212-linked-detail-unauthorized.json,1f4bd219d76f6aef280462c3f639fb23fb10b1f182918d528a1490c14edaf31c,2b62e20d47d477eacda81c2beef0dbb06e7f4e1a1021b68e5f70be2917f36f5b,2026-07-18T06:43:10.657Z,1,13,2,0,0,0
00682-phy-212-linked-detail-jacob-peterson-s-quiz-history-m1-5pre,2053526,PHY-212,linked_detail,linked_detail,https://canvas.oregonstate.edu/courses/2053526/quizzes/3160476/history?version=1,https://canvas.oregonstate.edu/courses/2053526/quizzes/3160476/history?version=1,Jacob Peterson's Quiz History: M1-5pre,quiz,3160476,3,,,raw_html/00682-phy-212-linked-detail-jacob-peterson-s-quiz-history-m1-5pre.html,text/00682-phy-212-linked-detail-jacob-peterson-s-quiz-history-m1-5pre.txt,text/00682-phy-212-linked-detail-jacob-peterson-s-quiz-history-m1-5pre.fulltext.txt,markdown/00682-phy-212-linked-detail-jacob-peterson-s-quiz-history-m1-5pre.md,,metadata/00682-phy-212-linked-detail-jacob-peterson-s-quiz-history-m1-5pre.json,d7813779fa9cada33355805ab991d108b428cc054c86656440da397cb619ff88,5dbe97f57250e408e59e2ce9c370beed701c30b7b5475cab0a6c35cbc194aed7,2026-07-18T06:43:14.512Z,1,39,2,0,0,0
00683-phy-212-linked-detail-unauthorized,2053526,PHY-212,linked_detail,linked_detail,https://canvas.oregonstate.edu/courses/2053526/quizzes/3160476/questions/59026168,https://canvas.oregonstate.edu/courses/2053526/quizzes/3160476/questions/59026168,Unauthorized,quiz,3160476,3,,,raw_html/00683-phy-212-linked-detail-unauthorized.html,text/00683-phy-212-linked-detail-unauthorized.txt,text/00683-phy-212-linked-detail-unauthorized.fulltext.txt,markdown/00683-phy-212-linked-detail-unauthorized.md,,metadata/00683-phy-212-linked-detail-unauthorized.json,cef99bd3d50fa495636089b60da61602416e3466afa71b8a4bbd4d59cf29e925,2b62e20d47d477eacda81c2beef0dbb06e7f4e1a1021b68e5f70be2917f36f5b,2026-07-18T06:43:16.657Z,1,13,2,0,0,0
00684-phy-212-linked-detail-m1-0asy-general-physics-with-calculus-ph-212-400-u2026,2053526,PHY-212,linked_detail,linked_detail,https://canvas.oregonstate.edu/courses/2053526/quizzes/3169000/take?user_id=6660414,https://canvas.oregonstate.edu/courses/2053526/quizzes/3169000/take?user_id=6660414,M1-0asy: GENERAL PHYSICS WITH CALCULUS (PH_212_400_U2026),quiz,3169000,3,,,raw_html/00684-phy-212-linked-detail-m1-0asy-general-physics-with-calculus-ph-212-400-u2026.html,text/00684-phy-212-linked-detail-m1-0asy-general-physics-with-calculus-ph-212-400-u2026.txt,text/00684-phy-212-linked-detail-m1-0asy-general-physics-with-calculus-ph-212-400-u2026.fulltext.txt,markdown/00684-phy-212-linked-detail-m1-0asy-general-physics-with-calculus-ph-212-400-u2026.md,,metadata/00684-phy-212-linked-detail-m1-0asy-general-physics-with-calculus-ph-212-400-u2026.json,6f15187a10b65fc2f0251ed8c04bdb92375224fd085d22643fda23f16da90b91,55a0960f82cb06351bd28c164e8c32aeaff2f3cd2a3035d2537ab11d03e77455,2026-07-18T06:43:19.412Z,2,42,2,0,0,0
00685-phy-212-linked-detail-jacob-peterson-s-quiz-history-m1-0asy,2053526,PHY-212,linked_detail,linked_detail,https://canvas.oregonstate.edu/courses/2053526/quizzes/3169000/history?version=1,https://canvas.oregonstate.edu/courses/2053526/quizzes/3169000/history?version=1,Jacob Peterson's Quiz History: M1-0asy,quiz,3169000,3,,,raw_html/00685-phy-212-linked-detail-jacob-peterson-s-quiz-history-m1-0asy.html,text/00685-phy-212-linked-detail-jacob-peterson-s-quiz-history-m1-0asy.txt,text/00685-phy-212-linked-detail-jacob-peterson-s-quiz-history-m1-0asy.fulltext.txt,markdown/00685-phy-212-linked-detail-jacob-peterson-s-quiz-history-m1-0asy.md,,metadata/00685-phy-212-linked-detail-jacob-peterson-s-quiz-history-m1-0asy.json,ea0447b126fd6df9547a55f1356aa795e953d51d3566e9bfdef30774d4df7bb5,dfc188be912944247e18ed0b4a413cf0307606e1be1cf42fa7a4405eb062dadc,2026-07-18T06:43:22.059Z,1,42,2,0,0,0
00686-phy-212-linked-detail-m1-0asy-general-physics-with-calculus-ph-212-400-u2026,2053526,PHY-212,linked_detail,linked_detail,https://canvas.oregonstate.edu/courses/2053526/quizzes/3169000#,https://canvas.oregonstate.edu/courses/2053526/quizzes/3169000#,M1-0asy: GENERAL PHYSICS WITH CALCULUS (PH_212_400_U2026),quiz,3169000,3,,,raw_html/00686-phy-212-linked-detail-m1-0asy-general-physics-with-calculus-ph-212-400-u2026.html,text/00686-phy-212-linked-detail-m1-0asy-general-physics-with-calculus-ph-212-400-u2026.txt,text/00686-phy-212-linked-detail-m1-0asy-general-physics-with-calculus-ph-212-400-u2026.fulltext.txt,markdown/00686-phy-212-linked-detail-m1-0asy-general-physics-with-calculus-ph-212-400-u2026.md,,metadata/00686-phy-212-linked-detail-m1-0asy-general-physics-with-calculus-ph-212-400-u2026.json,1c61af505162e1daec99a1d170f5361d235d690f5d71cfb163f32aaee70ae6ce,00d9a62922de707bd95b60b5a5cc1ca0a06ba3055cb62d7fb36a106e83df80f7,2026-07-18T06:43:25.162Z,3,43,2,0,0,0
00687-phy-212-linked-detail-unauthorized,2053526,PHY-212,linked_detail,linked_detail,https://canvas.oregonstate.edu/courses/2053526/quizzes/3169000/questions/59169876,https://canvas.oregonstate.edu/courses/2053526/quizzes/3169000/questions/59169876,Unauthorized,quiz,3169000,3,,,raw_html/00687-phy-212-linked-detail-unauthorized.html,text/00687-phy-212-linked-detail-unauthorized.txt,text/00687-phy-212-linked-detail-unauthorized.fulltext.txt,markdown/00687-phy-212-linked-detail-unauthorized.md,,metadata/00687-phy-212-linked-detail-unauthorized.json,ba9aacf2ad3d7a0c4b9e2ff6c27ee19c2474cb9a37b4ac76d1ba83f93c67a0fd,2b62e20d47d477eacda81c2beef0dbb06e7f4e1a1021b68e5f70be2917f36f5b,2026-07-18T06:43:27.808Z,1,13,2,0,0,0
00688-phy-212-linked-detail-unauthorized,2053526,PHY-212,linked_detail,linked_detail,https://canvas.oregonstate.edu/courses/2053526/quizzes/3169000/questions/59169879,https://canvas.oregonstate.edu/courses/2053526/quizzes/3169000/questions/59169879,Unauthorized,quiz,3169000,3,,,raw_html/00688-phy-212-linked-detail-unauthorized.html,text/00688-phy-212-linked-detail-unauthorized.txt,text/00688-phy-212-linked-detail-unauthorized.fulltext.txt,markdown/00688-phy-212-linked-detail-unauthorized.md,,metadata/00688-phy-212-linked-detail-unauthorized.json,5f9d3462b83acfac3fbf48a6da142331147daf3c964fd7452112185eb14d3cf7,2b62e20d47d477eacda81c2beef0dbb06e7f4e1a1021b68e5f70be2917f36f5b,2026-07-18T06:43:30.059Z,1,13,2,0,0,0
00689-phy-212-linked-detail-m1-00asy-general-physics-with-calculus-ph-212-400-u2026,2053526,PHY-212,linked_detail,linked_detail,https://canvas.oregonstate.edu/courses/2053526/quizzes/3169001/take?user_id=6660414,https://canvas.oregonstate.edu/courses/2053526/quizzes/3169001/take?user_id=6660414,M1-00asy: GENERAL PHYSICS WITH CALCULUS (PH_212_400_U2026),quiz,3169001,3,,,raw_html/00689-phy-212-linked-detail-m1-00asy-general-physics-with-calculus-ph-212-400-u2026.html,text/00689-phy-212-linked-detail-m1-00asy-general-physics-with-calculus-ph-212-400-u2026.txt,text/00689-phy-212-linked-detail-m1-00asy-general-physics-with-calculus-ph-212-400-u2026.fulltext.txt,markdown/00689-phy-212-linked-detail-m1-00asy-general-physics-with-calculus-ph-212-400-u2026.md,,metadata/00689-phy-212-linked-detail-m1-00asy-general-physics-with-calculus-ph-212-400-u2026.json,7e931ac405e89cf6a570da363ee9e77aa8df0fe392a9b8e9876f0347f3090571,e16785d3a2cf603974b535a37036c8ffdf8e050b626a40f953fc3eaf1863ca98,2026-07-18T06:43:33.139Z,4,57,2,0,0,0
00690-phy-212-linked-detail-jacob-peterson-s-quiz-history-m1-00asy,2053526,PHY-212,linked_detail,linked_detail,https://canvas.oregonstate.edu/courses/2053526/quizzes/3169001/history?version=1,https://canvas.oregonstate.edu/courses/2053526/quizzes/3169001/history?version=1,Jacob Peterson's Quiz History: M1-00asy,quiz,3169001,3,,,raw_html/00690-phy-212-linked-detail-jacob-peterson-s-quiz-history-m1-00asy.html,text/00690-phy-212-linked-detail-jacob-peterson-s-quiz-history-m1-00asy.txt,text/00690-phy-212-linked-detail-jacob-peterson-s-quiz-history-m1-00asy.fulltext.txt,markdown/00690-phy-212-linked-detail-jacob-peterson-s-quiz-history-m1-00asy.md,,metadata/00690-phy-212-linked-detail-jacob-peterson-s-quiz-history-m1-00asy.json,5a4e61f98a1e6c6ec1b671aa08025f8a391b4325d012638b6fa2a70a8dc416c1,4d700e4ee22d8c7b102df0a40730028fdaf5e073e943aed9a3225acb7730a427,2026-07-18T06:43:35.960Z,1,51,2,0,0,0
00691-phy-212-linked-detail-m1-00asy-general-physics-with-calculus-ph-212-400-u2026,2053526,PHY-212,linked_detail,linked_detail,https://canvas.oregonstate.edu/courses/2053526/quizzes/3169001#,https://canvas.oregonstate.edu/courses/2053526/quizzes/3169001#,M1-00asy: GENERAL PHYSICS WITH CALCULUS (PH_212_400_U2026),quiz,3169001,3,,,raw_html/00691-phy-212-linked-detail-m1-00asy-general-physics-with-calculus-ph-212-400-u2026.html,text/00691-phy-212-linked-detail-m1-00asy-general-physics-with-calculus-ph-212-400-u2026.txt,text/00691-phy-212-linked-detail-m1-00asy-general-physics-with-calculus-ph-212-400-u2026.fulltext.txt,markdown/00691-phy-212-linked-detail-m1-00asy-general-physics-with-calculus-ph-212-400-u2026.md,,metadata/00691-phy-212-linked-detail-m1-00asy-general-physics-with-calculus-ph-212-400-u2026.json,cc0d3c204ef7d7436ecebf66d2a306d1d6cac9eb545a1c8d22aee121b4b949c3,4b3e919aab3bb9a40a4edca521be99af1006fb651afcb2e36d2e3a68fe3c2bbf,2026-07-18T06:43:38.411Z,5,58,2,0,0,0
00692-phy-212-linked-detail-unauthorized,2053526,PHY-212,linked_detail,linked_detail,https://canvas.oregonstate.edu/courses/2053526/quizzes/3169001/questions/59169187,https://canvas.oregonstate.edu/courses/2053526/quizzes/3169001/questions/59169187,Unauthorized,quiz,3169001,3,,,raw_html/00692-phy-212-linked-detail-unauthorized.html,text/00692-phy-212-linked-detail-unauthorized.txt,text/00692-phy-212-linked-detail-unauthorized.fulltext.txt,markdown/00692-phy-212-linked-detail-unauthorized.md,,metadata/00692-phy-212-linked-detail-unauthorized.json,d535d30bfda91095489c2bd0d0d5c8480b7b581209278c28cfdebca050212b13,2b62e20d47d477eacda81c2beef0dbb06e7f4e1a1021b68e5f70be2917f36f5b,2026-07-18T06:43:40.506Z,1,13,2,0,0,0
00693-phy-212-linked-detail-unauthorized,2053526,PHY-212,linked_detail,linked_detail,https://canvas.oregonstate.edu/courses/2053526/quizzes/3169001/questions/59174672,https://canvas.oregonstate.edu/courses/2053526/quizzes/3169001/questions/59174672,Unauthorized,quiz,3169001,3,,,raw_html/00693-phy-212-linked-detail-unauthorized.html,text/00693-phy-212-linked-detail-unauthorized.txt,text/00693-phy-212-linked-detail-unauthorized.fulltext.txt,markdown/00693-phy-212-linked-detail-unauthorized.md,,metadata/00693-phy-212-linked-detail-unauthorized.json,88ab28ebd549eadbf76f6b1f1f375c8a585de42e5a9e788ffedac1023972ba97,2b62e20d47d477eacda81c2beef0dbb06e7f4e1a1021b68e5f70be2917f36f5b,2026-07-18T06:43:42.707Z,1,13,2,0,0,0
00694-phy-212-linked-detail-unauthorized,2053526,PHY-212,linked_detail,linked_detail,https://canvas.oregonstate.edu/courses/2053526/quizzes/3169001/questions/59174670,https://canvas.oregonstate.edu/courses/2053526/quizzes/3169001/questions/59174670,Unauthorized,quiz,3169001,3,,,raw_html/00694-phy-212-linked-detail-unauthorized.html,text/00694-phy-212-linked-detail-unauthorized.txt,text/00694-phy-212-linked-detail-unauthorized.fulltext.txt,markdown/00694-phy-212-linked-detail-unauthorized.md,,metadata/00694-phy-212-linked-detail-unauthorized.json,f69146778d469868a4ba50817ca487940b893757fa533038edc58cd9d3768edb,2b62e20d47d477eacda81c2beef0dbb06e7f4e1a1021b68e5f70be2917f36f5b,2026-07-18T06:43:44.912Z,1,13,2,0,0,0
00695-phy-212-linked-detail-unauthorized,2053526,PHY-212,linked_detail,linked_detail,https://canvas.oregonstate.edu/courses/2053526/quizzes/3169001/questions/59174671,https://canvas.oregonstate.edu/courses/2053526/quizzes/3169001/questions/59174671,Unauthorized,quiz,3169001,3,,,raw_html/00695-phy-212-linked-detail-unauthorized.html,text/00695-phy-212-linked-detail-unauthorized.txt,text/00695-phy-212-linked-detail-unauthorized.fulltext.txt,markdown/00695-phy-212-linked-detail-unauthorized.md,,metadata/00695-phy-212-linked-detail-unauthorized.json,72d90a1522bbd9db459c8d5bc474ecbbfe2c04d877aa3e4bdfbf14657964d9a2,2b62e20d47d477eacda81c2beef0dbb06e7f4e1a1021b68e5f70be2917f36f5b,2026-07-18T06:43:47.056Z,1,13,2,0,0,0
00696-phy-212-linked-detail-scanning-resources-general-physics-with-calculus-ph-212-400-u2026,2053526,PHY-212,linked_detail,linked_detail,https://canvas.oregonstate.edu/courses/2053526/pages/scanning-resources,https://canvas.oregonstate.edu/courses/2053526/pages/scanning-resources,Scanning Resources: GENERAL PHYSICS WITH CALCULUS (PH_212_400_U2026),page,scanning-resources,3,,,raw_html/00696-phy-212-linked-detail-scanning-resources-general-physics-with-calculus-ph-212-400-u2026.html,text/00696-phy-212-linked-detail-scanning-resources-general-physics-with-calculus-ph-212-400-u2026.txt,text/00696-phy-212-linked-detail-scanning-resources-general-physics-with-calculus-ph-212-400-u2026.fulltext.txt,markdown/00696-phy-212-linked-detail-scanning-resources-general-physics-with-calculus-ph-212-400-u2026.md,,metadata/00696-phy-212-linked-detail-scanning-resources-general-physics-with-calculus-ph-212-400-u2026.json,8b8e4a82bc3a8e51ff22ecaa3f3e64d31eeef00c84961db4bfd8af69df8633de,b41b170750e3754ecc64dfad239e2bf5075ebd058b6948bc54e2313ed6eadbab,2026-07-18T06:43:49.597Z,2,39,2,0,0,0
00697-phy-212-linked-detail-m1-1asy-general-physics-with-calculus-ph-212-400-u2026,2053526,PHY-212,linked_detail,linked_detail,https://canvas.oregonstate.edu/courses/2053526/quizzes/3160454/take?user_id=6660414,https://canvas.oregonstate.edu/courses/2053526/quizzes/3160454/take?user_id=6660414,M1-1asy: GENERAL PHYSICS WITH CALCULUS (PH_212_400_U2026),quiz,3160454,3,,,raw_html/00697-phy-212-linked-detail-m1-1asy-general-physics-with-calculus-ph-212-400-u2026.html,text/00697-phy-212-linked-detail-m1-1asy-general-physics-with-calculus-ph-212-400-u2026.txt,text/00697-phy-212-linked-detail-m1-1asy-general-physics-with-calculus-ph-212-400-u2026.fulltext.txt,markdown/00697-phy-212-linked-detail-m1-1asy-general-physics-with-calculus-ph-212-400-u2026.md,,metadata/00697-phy-212-linked-detail-m1-1asy-general-physics-with-calculus-ph-212-400-u2026.json,22ba83b980678f49a02f4129f5eb41668337d44f8cd1ebd5fef1f8e296b7b6eb,4fff21882806c624875d49e0c042156260abd5b50e1837257452704051141869,2026-07-18T06:43:51.962Z,4,60,2,0,0,0
00698-phy-212-linked-detail-jacob-peterson-s-quiz-history-m1-1asy,2053526,PHY-212,linked_detail,linked_detail,https://canvas.oregonstate.edu/courses/2053526/quizzes/3160454/history?version=1,https://canvas.oregonstate.edu/courses/2053526/quizzes/3160454/history?version=1,Jacob Peterson's Quiz History: M1-1asy,quiz,3160454,3,,,raw_html/00698-phy-212-linked-detail-jacob-peterson-s-quiz-history-m1-1asy.html,text/00698-phy-212-linked-detail-jacob-peterson-s-quiz-history-m1-1asy.txt,text/00698-phy-212-linked-detail-jacob-peterson-s-quiz-history-m1-1asy.fulltext.txt,markdown/00698-phy-212-linked-detail-jacob-peterson-s-quiz-history-m1-1asy.md,,metadata/00698-phy-212-linked-detail-jacob-peterson-s-quiz-history-m1-1asy.json,a80c36e3f33376c0570c26af11a9f85aea9a4317d55ecf05a1ee588a2628b821,715752515cd352a1bdca9c8dcda68b6ed143b920dec0b08bbb417b53fabc1adf,2026-07-18T06:43:54.209Z,1,54,2,0,0,0
00699-phy-212-linked-detail-unauthorized,2053526,PHY-212,linked_detail,linked_detail,https://canvas.oregonstate.edu/courses/2053526/quizzes/3160454/questions/59026073,https://canvas.oregonstate.edu/courses/2053526/quizzes/3160454/questions/59026073,Unauthorized,quiz,3160454,3,,,raw_html/00699-phy-212-linked-detail-unauthorized.html,text/00699-phy-212-linked-detail-unauthorized.txt,text/00699-phy-212-linked-detail-unauthorized.fulltext.txt,markdown/00699-phy-212-linked-detail-unauthorized.md,,metadata/00699-phy-212-linked-detail-unauthorized.json,e52cefa89ef04842a6cc589d6914bea9ebc76fce82dfc57072a05d43a5be2935,2b62e20d47d477eacda81c2beef0dbb06e7f4e1a1021b68e5f70be2917f36f5b,2026-07-18T06:43:56.458Z,1,13,2,0,0,0
00700-phy-212-linked-detail-unauthorized,2053526,PHY-212,linked_detail,linked_detail,https://canvas.oregonstate.edu/courses/2053526/quizzes/3160454/questions/59176462,https://canvas.oregonstate.edu/courses/2053526/quizzes/3160454/questions/59176462,Unauthorized,quiz,3160454,3,,,raw_html/00700-phy-212-linked-detail-unauthorized.html,text/00700-phy-212-linked-detail-unauthorized.txt,text/00700-phy-212-linked-detail-unauthorized.fulltext.txt,markdown/00700-phy-212-linked-detail-unauthorized.md,,metadata/00700-phy-212-linked-detail-unauthorized.json,4c6984a33a87a12e2811433018852ab2c5d26212b4ddd4d3ccb320570c1bf6dd,2b62e20d47d477eacda81c2beef0dbb06e7f4e1a1021b68e5f70be2917f36f5b,2026-07-18T06:43:58.658Z,1,13,2,0,0,0
00701-phy-212-linked-detail-unauthorized,2053526,PHY-212,linked_detail,linked_detail,https://canvas.oregonstate.edu/courses/2053526/quizzes/3160454/questions/59176463,https://canvas.oregonstate.edu/courses/2053526/quizzes/3160454/questions/59176463,Unauthorized,quiz,3160454,3,,,raw_html/00701-phy-212-linked-detail-unauthorized.html,text/00701-phy-212-linked-detail-unauthorized.txt,text/00701-phy-212-linked-detail-unauthorized.fulltext.txt,markdown/00701-phy-212-linked-detail-unauthorized.md,,metadata/00701-phy-212-linked-detail-unauthorized.json,fc606a1d4a6a93c8f3355274016ad91458df8551880e1cbb6070788dfda72410,2b62e20d47d477eacda81c2beef0dbb06e7f4e1a1021b68e5f70be2917f36f5b,2026-07-18T06:44:00.809Z,1,13,2,0,0,0
00702-phy-212-linked-detail-unauthorized,2053526,PHY-212,linked_detail,linked_detail,https://canvas.oregonstate.edu/courses/2053526/quizzes/3160454/questions/59026074,https://canvas.oregonstate.edu/courses/2053526/quizzes/3160454/questions/59026074,Unauthorized,quiz,3160454,3,,,raw_html/00702-phy-212-linked-detail-unauthorized.html,text/00702-phy-212-linked-detail-unauthorized.txt,text/00702-phy-212-linked-detail-unauthorized.fulltext.txt,markdown/00702-phy-212-linked-detail-unauthorized.md,,metadata/00702-phy-212-linked-detail-unauthorized.json,3d87492b0ac6369c581f221bcef94e6cb8a09fb0ed8115d4a06238b67a6de99e,2b62e20d47d477eacda81c2beef0dbb06e7f4e1a1021b68e5f70be2917f36f5b,2026-07-18T06:44:02.907Z,1,13,2,0,0,0
00703-phy-212-linked-detail-unauthorized,2053526,PHY-212,linked_detail,linked_detail,https://canvas.oregonstate.edu/courses/2053526/quizzes/3160454/questions/59026075,https://canvas.oregonstate.edu/courses/2053526/quizzes/3160454/questions/59026075,Unauthorized,quiz,3160454,3,,,raw_html/00703-phy-212-linked-detail-unauthorized.html,text/00703-phy-212-linked-detail-unauthorized.txt,text/00703-phy-212-linked-detail-unauthorized.fulltext.txt,markdown/00703-phy-212-linked-detail-unauthorized.md,,metadata/00703-phy-212-linked-detail-unauthorized.json,b7a97df523d791574972033b39b7d63b70dced45a2672d4de203e87ae18c5ba9,2b62e20d47d477eacda81c2beef0dbb06e7f4e1a1021b68e5f70be2917f36f5b,2026-07-18T06:44:05.059Z,1,13,2,0,0,0
00704-phy-212-linked-detail-m1-2asy-general-physics-with-calculus-ph-212-400-u2026,2053526,PHY-212,linked_detail,linked_detail,https://canvas.oregonstate.edu/courses/2053526/quizzes/3160491/take?user_id=6660414,https://canvas.oregonstate.edu/courses/2053526/quizzes/3160491/take?user_id=6660414,M1-2asy: GENERAL PHYSICS WITH CALCULUS (PH_212_400_U2026),quiz,3160491,3,,,raw_html/00704-phy-212-linked-detail-m1-2asy-general-physics-with-calculus-ph-212-400-u2026.html,text/00704-phy-212-linked-detail-m1-2asy-general-physics-with-calculus-ph-212-400-u2026.txt,text/00704-phy-212-linked-detail-m1-2asy-general-physics-with-calculus-ph-212-400-u2026.fulltext.txt,markdown/00704-phy-212-linked-detail-m1-2asy-general-physics-with-calculus-ph-212-400-u2026.md,,metadata/00704-phy-212-linked-detail-m1-2asy-general-physics-with-calculus-ph-212-400-u2026.json,b74ff9a093835b86c762e06782cd265f56566d8121c1ef09fdfd4d6dc4638191,e1fd1ae64531b33794b8ac0c64ec3e38c9282c3609c6a5901c522400f2e488f6,2026-07-18T06:44:07.765Z,4,60,2,0,0,0
00705-phy-212-linked-detail-unauthorized,2053526,PHY-212,linked_detail,linked_detail,https://canvas.oregonstate.edu/courses/2053526/quizzes/3160491/questions/59026256,https://canvas.oregonstate.edu/courses/2053526/quizzes/3160491/questions/59026256,Unauthorized,quiz,3160491,3,,,raw_html/00705-phy-212-linked-detail-unauthorized.html,text/00705-phy-212-linked-detail-unauthorized.txt,text/00705-phy-212-linked-detail-unauthorized.fulltext.txt,markdown/00705-phy-212-linked-detail-unauthorized.md,,metadata/00705-phy-212-linked-detail-unauthorized.json,c319d463beb0d579df1e223727245b43204ad2f33c1a2c1a292597c7a7f303f1,2b62e20d47d477eacda81c2beef0dbb06e7f4e1a1021b68e5f70be2917f36f5b,2026-07-18T06:44:09.910Z,1,13,2,0,0,0
00706-phy-212-linked-detail-unauthorized,2053526,PHY-212,linked_detail,linked_detail,https://canvas.oregonstate.edu/courses/2053526/quizzes/3160491/questions/59026257,https://canvas.oregonstate.edu/courses/2053526/quizzes/3160491/questions/59026257,Unauthorized,quiz,3160491,3,,,raw_html/00706-phy-212-linked-detail-unauthorized.html,text/00706-phy-212-linked-detail-unauthorized.txt,text/00706-phy-212-linked-detail-unauthorized.fulltext.txt,markdown/00706-phy-212-linked-detail-unauthorized.md,,metadata/00706-phy-212-linked-detail-unauthorized.json,de81ddd078fc7f107151bdb29362842c6ae40b682c9ca9416db1a422ee43d23d,2b62e20d47d477eacda81c2beef0dbb06e7f4e1a1021b68e5f70be2917f36f5b,2026-07-18T06:44:12.206Z,1,13,2,0,0,0
00707-phy-212-linked-detail-unauthorized,2053526,PHY-212,linked_detail,linked_detail,https://canvas.oregonstate.edu/courses/2053526/quizzes/3160491/questions/59026258,https://canvas.oregonstate.edu/courses/2053526/quizzes/3160491/questions/59026258,Unauthorized,quiz,3160491,3,,,raw_html/00707-phy-212-linked-detail-unauthorized.html,text/00707-phy-212-linked-detail-unauthorized.txt,text/00707-phy-212-linked-detail-unauthorized.fulltext.txt,markdown/00707-phy-212-linked-detail-unauthorized.md,,metadata/00707-phy-212-linked-detail-unauthorized.json,04260e4be77bae505643373be171b98274cf1b03ce83ed06c345ae84456763fa,2b62e20d47d477eacda81c2beef0dbb06e7f4e1a1021b68e5f70be2917f36f5b,2026-07-18T06:44:14.506Z,1,13,2,0,0,0
00708-phy-212-linked-detail-unauthorized,2053526,PHY-212,linked_detail,linked_detail,https://canvas.oregonstate.edu/courses/2053526/quizzes/3160491/questions/59026259,https://canvas.oregonstate.edu/courses/2053526/quizzes/3160491/questions/59026259,Unauthorized,quiz,3160491,3,,,raw_html/00708-phy-212-linked-detail-unauthorized.html,text/00708-phy-212-linked-detail-unauthorized.txt,text/00708-phy-212-linked-detail-unauthorized.fulltext.txt,markdown/00708-phy-212-linked-detail-unauthorized.md,,metadata/00708-phy-212-linked-detail-unauthorized.json,45f8bc6816c555802426c824189e90afe892663d3b72c956463afee90b04c85b,2b62e20d47d477eacda81c2beef0dbb06e7f4e1a1021b68e5f70be2917f36f5b,2026-07-18T06:44:16.758Z,1,13,2,0,0,0
00709-phy-212-linked-detail-unauthorized,2053526,PHY-212,linked_detail,linked_detail,https://canvas.oregonstate.edu/courses/2053526/quizzes/3160491/questions/59178579,https://canvas.oregonstate.edu/courses/2053526/quizzes/3160491/questions/59178579,Unauthorized,quiz,3160491,3,,,raw_html/00709-phy-212-linked-detail-unauthorized.html,text/00709-phy-212-linked-detail-unauthorized.txt,text/00709-phy-212-linked-detail-unauthorized.fulltext.txt,markdown/00709-phy-212-linked-detail-unauthorized.md,,metadata/00709-phy-212-linked-detail-unauthorized.json,e966d136f8e846ffc1a336992f1772de14c7fec5a04259b352ee6e8e45c6f957,2b62e20d47d477eacda81c2beef0dbb06e7f4e1a1021b68e5f70be2917f36f5b,2026-07-18T06:44:18.907Z,1,13,2,0,0,0
00710-phy-212-linked-detail-unauthorized,2053526,PHY-212,linked_detail,linked_detail,https://canvas.oregonstate.edu/courses/2053526/quizzes/3160491/questions/59026260,https://canvas.oregonstate.edu/courses/2053526/quizzes/3160491/questions/59026260,Unauthorized,quiz,3160491,3,,,raw_html/00710-phy-212-linked-detail-unauthorized.html,text/00710-phy-212-linked-detail-unauthorized.txt,text/00710-phy-212-linked-detail-unauthorized.fulltext.txt,markdown/00710-phy-212-linked-detail-unauthorized.md,,metadata/00710-phy-212-linked-detail-unauthorized.json,3eb9ccd9547a1301274f601cd358952f6de13fc8623c3b08fee773944d8640e9,2b62e20d47d477eacda81c2beef0dbb06e7f4e1a1021b68e5f70be2917f36f5b,2026-07-18T06:44:21.259Z,1,13,2,0,0,0
00711-phy-212-linked-detail-unauthorized,2053526,PHY-212,linked_detail,linked_detail,https://canvas.oregonstate.edu/courses/2053526/quizzes/3160491/questions/59026261,https://canvas.oregonstate.edu/courses/2053526/quizzes/3160491/questions/59026261,Unauthorized,quiz,3160491,3,,,raw_html/00711-phy-212-linked-detail-unauthorized.html,text/00711-phy-212-linked-detail-unauthorized.txt,text/00711-phy-212-linked-detail-unauthorized.fulltext.txt,markdown/00711-phy-212-linked-detail-unauthorized.md,,metadata/00711-phy-212-linked-detail-unauthorized.json,396520f9c4d0cec8a71aa3e4015d2857972f1bc41a647d4a7320aa424da7ca62,2b62e20d47d477eacda81c2beef0dbb06e7f4e1a1021b68e5f70be2917f36f5b,2026-07-18T06:44:23.460Z,1,13,2,0,0,0
00712-phy-212-linked-detail-m1-3asy-general-physics-with-calculus-ph-212-400-u2026,2053526,PHY-212,linked_detail,linked_detail,https://canvas.oregonstate.edu/courses/2053526/quizzes/3160508/take?user_id=6660414,https://canvas.oregonstate.edu/courses/2053526/quizzes/3160508/take?user_id=6660414,M1-3asy: GENERAL PHYSICS WITH CALCULUS (PH_212_400_U2026),quiz,3160508,3,,,raw_html/00712-phy-212-linked-detail-m1-3asy-general-physics-with-calculus-ph-212-400-u2026.html,text/00712-phy-212-linked-detail-m1-3asy-general-physics-with-calculus-ph-212-400-u2026.txt,text/00712-phy-212-linked-detail-m1-3asy-general-physics-with-calculus-ph-212-400-u2026.fulltext.txt,markdown/00712-phy-212-linked-detail-m1-3asy-general-physics-with-calculus-ph-212-400-u2026.md,,metadata/00712-phy-212-linked-detail-m1-3asy-general-physics-with-calculus-ph-212-400-u2026.json,d3047566f234bebb8d7d2930c4b54fd600e76d4df285b4d8d372c28e1dd322e5,e0ed8d289dafafe89ef4eb0a54cb175afced81ba934f75b8f0436988a91c104c,2026-07-18T06:44:25.914Z,4,60,2,0,0,0
00713-phy-212-linked-detail-unauthorized,2053526,PHY-212,linked_detail,linked_detail,https://canvas.oregonstate.edu/courses/2053526/quizzes/3160508/questions/59026315,https://canvas.oregonstate.edu/courses/2053526/quizzes/3160508/questions/59026315,Unauthorized,quiz,3160508,3,,,raw_html/00713-phy-212-linked-detail-unauthorized.html,text/00713-phy-212-linked-detail-unauthorized.txt,text/00713-phy-212-linked-detail-unauthorized.fulltext.txt,markdown/00713-phy-212-linked-detail-unauthorized.md,,metadata/00713-phy-212-linked-detail-unauthorized.json,dcb75cbccf3c29a2b95fb26afdebe719db5a8e0134d7882471da29857a706c5e,2b62e20d47d477eacda81c2beef0dbb06e7f4e1a1021b68e5f70be2917f36f5b,2026-07-18T06:44:28.157Z,1,13,2,0,0,0
00714-phy-212-linked-detail-unauthorized,2053526,PHY-212,linked_detail,linked_detail,https://canvas.oregonstate.edu/courses/2053526/quizzes/3160508/questions/59026316,https://canvas.oregonstate.edu/courses/2053526/quizzes/3160508/questions/59026316,Unauthorized,quiz,3160508,3,,,raw_html/00714-phy-212-linked-detail-unauthorized.html,text/00714-phy-212-linked-detail-unauthorized.txt,text/00714-phy-212-linked-detail-unauthorized.fulltext.txt,markdown/00714-phy-212-linked-detail-unauthorized.md,,metadata/00714-phy-212-linked-detail-unauthorized.json,51e395bdcd24c7a95a9aa2a0e6615fc04ce8af746810e62fbf4594a3aac1ae0d,2b62e20d47d477eacda81c2beef0dbb06e7f4e1a1021b68e5f70be2917f36f5b,2026-07-18T06:44:30.308Z,1,13,2,0,0,0
00715-phy-212-linked-detail-unauthorized,2053526,PHY-212,linked_detail,linked_detail,https://canvas.oregonstate.edu/courses/2053526/quizzes/3160508/questions/59026317,https://canvas.oregonstate.edu/courses/2053526/quizzes/3160508/questions/59026317,Unauthorized,quiz,3160508,3,,,raw_html/00715-phy-212-linked-detail-unauthorized.html,text/00715-phy-212-linked-detail-unauthorized.txt,text/00715-phy-212-linked-detail-unauthorized.fulltext.txt,markdown/00715-phy-212-linked-detail-unauthorized.md,,metadata/00715-phy-212-linked-detail-unauthorized.json,8c350d7a3710d4c239609409571ccc8309ad37fa5bbc30f9016c470ee1bd8530,2b62e20d47d477eacda81c2beef0dbb06e7f4e1a1021b68e5f70be2917f36f5b,2026-07-18T06:44:32.857Z,1,13,2,0,0,0
00716-phy-212-linked-detail-unauthorized,2053526,PHY-212,linked_detail,linked_detail,https://canvas.oregonstate.edu/courses/2053526/quizzes/3160508/questions/59026318,https://canvas.oregonstate.edu/courses/2053526/quizzes/3160508/questions/59026318,Unauthorized,quiz,3160508,3,,,raw_html/00716-phy-212-linked-detail-unauthorized.html,text/00716-phy-212-linked-detail-unauthorized.txt,text/00716-phy-212-linked-detail-unauthorized.fulltext.txt,markdown/00716-phy-212-linked-detail-unauthorized.md,,metadata/00716-phy-212-linked-detail-unauthorized.json,20f15b56676c91e66e8d58ec3304a23be83bc195232a6cb60c9ae5c3601500dc,2b62e20d47d477eacda81c2beef0dbb06e7f4e1a1021b68e5f70be2917f36f5b,2026-07-18T06:44:35.058Z,1,13,2,0,0,0
00717-phy-212-linked-detail-unauthorized,2053526,PHY-212,linked_detail,linked_detail,https://canvas.oregonstate.edu/courses/2053526/quizzes/3160508/questions/59026319,https://canvas.oregonstate.edu/courses/2053526/quizzes/3160508/questions/59026319,Unauthorized,quiz,3160508,3,,,raw_html/00717-phy-212-linked-detail-unauthorized.html,text/00717-phy-212-linked-detail-unauthorized.txt,text/00717-phy-212-linked-detail-unauthorized.fulltext.txt,markdown/00717-phy-212-linked-detail-unauthorized.md,,metadata/00717-phy-212-linked-detail-unauthorized.json,73bd6d2036db289e4e3435e95ce32c4870263bcd0d002e698fc779580fee6ac5,2b62e20d47d477eacda81c2beef0dbb06e7f4e1a1021b68e5f70be2917f36f5b,2026-07-18T06:44:37.257Z,1,13,2,0,0,0
00718-phy-212-linked-detail-unauthorized,2053526,PHY-212,linked_detail,linked_detail,https://canvas.oregonstate.edu/courses/2053526/quizzes/3160508/questions/59026320,https://canvas.oregonstate.edu/courses/2053526/quizzes/3160508/questions/59026320,Unauthorized,quiz,3160508,3,,,raw_html/00718-phy-212-linked-detail-unauthorized.html,text/00718-phy-212-linked-detail-unauthorized.txt,text/00718-phy-212-linked-detail-unauthorized.fulltext.txt,markdown/00718-phy-212-linked-detail-unauthorized.md,,metadata/00718-phy-212-linked-detail-unauthorized.json,6153b29cf8f747c891ec1b2966ea5d690e43accad3f22680b080d531768d4d82,2b62e20d47d477eacda81c2beef0dbb06e7f4e1a1021b68e5f70be2917f36f5b,2026-07-18T06:44:39.462Z,1,13,2,0,0,0
00719-phy-212-linked-detail-unauthorized,2053526,PHY-212,linked_detail,linked_detail,https://canvas.oregonstate.edu/courses/2053526/quizzes/3160508/questions/59026321,https://canvas.oregonstate.edu/courses/2053526/quizzes/3160508/questions/59026321,Unauthorized,quiz,3160508,3,,,raw_html/00719-phy-212-linked-detail-unauthorized.html,text/00719-phy-212-linked-detail-unauthorized.txt,text/00719-phy-212-linked-detail-unauthorized.fulltext.txt,markdown/00719-phy-212-linked-detail-unauthorized.md,,metadata/00719-phy-212-linked-detail-unauthorized.json,857dcb6bd736988986d10aebf065763ce2e812348613fb06fe8d597ae873951c,2b62e20d47d477eacda81c2beef0dbb06e7f4e1a1021b68e5f70be2917f36f5b,2026-07-18T06:44:41.707Z,1,13,2,0,0,0
00720-phy-212-linked-detail-m1-4asy-general-physics-with-calculus-ph-212-400-u2026,2053526,PHY-212,linked_detail,linked_detail,https://canvas.oregonstate.edu/courses/2053526/quizzes/3160457/take?user_id=6660414,https://canvas.oregonstate.edu/courses/2053526/quizzes/3160457/take?user_id=6660414,M1-4asy: GENERAL PHYSICS WITH CALCULUS (PH_212_400_U2026),quiz,3160457,3,,,raw_html/00720-phy-212-linked-detail-m1-4asy-general-physics-with-calculus-ph-212-400-u2026.html,text/00720-phy-212-linked-detail-m1-4asy-general-physics-with-calculus-ph-212-400-u2026.txt,text/00720-phy-212-linked-detail-m1-4asy-general-physics-with-calculus-ph-212-400-u2026.fulltext.txt,markdown/00720-phy-212-linked-detail-m1-4asy-general-physics-with-calculus-ph-212-400-u2026.md,,metadata/00720-phy-212-linked-detail-m1-4asy-general-physics-with-calculus-ph-212-400-u2026.json,9dea4541f99cee264fba8f0476273f26e31bbf7d8ab85391782723010380376a,48a65722c5082e76c181637f920184cb880812ada002760c855ecf9465b886a6,2026-07-18T06:44:44.412Z,4,62,2,0,0,0
00721-phy-212-linked-detail-jacob-peterson-s-quiz-history-m1-4asy,2053526,PHY-212,linked_detail,linked_detail,https://canvas.oregonstate.edu/courses/2053526/quizzes/3160457/history?version=1,https://canvas.oregonstate.edu/courses/2053526/quizzes/3160457/history?version=1,Jacob Peterson's Quiz History: M1-4asy,quiz,3160457,3,,,raw_html/00721-phy-212-linked-detail-jacob-peterson-s-quiz-history-m1-4asy.html,text/00721-phy-212-linked-detail-jacob-peterson-s-quiz-history-m1-4asy.txt,text/00721-phy-212-linked-detail-jacob-peterson-s-quiz-history-m1-4asy.fulltext.txt,markdown/00721-phy-212-linked-detail-jacob-peterson-s-quiz-history-m1-4asy.md,,metadata/00721-phy-212-linked-detail-jacob-peterson-s-quiz-history-m1-4asy.json,e05146172b890e5c495d37b078a614488345c868a01655eacf52408de6e41cc8,d25f6a5d9418fdd8176a33ec1b1924f9d7e52d65a4db813f4bd47e9d844a55ef,2026-07-18T06:44:55.213Z,1,61,2,0,0,0
00722-phy-212-linked-detail-unauthorized,2053526,PHY-212,linked_detail,linked_detail,https://canvas.oregonstate.edu/courses/2053526/quizzes/3160457/questions/59026083,https://canvas.oregonstate.edu/courses/2053526/quizzes/3160457/questions/59026083,Unauthorized,quiz,3160457,3,,,raw_html/00722-phy-212-linked-detail-unauthorized.html,text/00722-phy-212-linked-detail-unauthorized.txt,text/00722-phy-212-linked-detail-unauthorized.fulltext.txt,markdown/00722-phy-212-linked-detail-unauthorized.md,,metadata/00722-phy-212-linked-detail-unauthorized.json,f2de8bdc120e3be0974088ff7da26cd7a11a40289e099bdc070846933a37e5ff,2b62e20d47d477eacda81c2beef0dbb06e7f4e1a1021b68e5f70be2917f36f5b,2026-07-18T06:44:57.457Z,1,13,2,0,0,0
00723-phy-212-linked-detail-unauthorized,2053526,PHY-212,linked_detail,linked_detail,https://canvas.oregonstate.edu/courses/2053526/quizzes/3160457/questions/59026082,https://canvas.oregonstate.edu/courses/2053526/quizzes/3160457/questions/59026082,Unauthorized,quiz,3160457,3,,,raw_html/00723-phy-212-linked-detail-unauthorized.html,text/00723-phy-212-linked-detail-unauthorized.txt,text/00723-phy-212-linked-detail-unauthorized.fulltext.txt,markdown/00723-phy-212-linked-detail-unauthorized.md,,metadata/00723-phy-212-linked-detail-unauthorized.json,54e1c739baa41f14cc89584bed0e944defd7013d758e52e401c62265310b1c2c,2b62e20d47d477eacda81c2beef0dbb06e7f4e1a1021b68e5f70be2917f36f5b,2026-07-18T06:44:59.659Z,1,13,2,0,0,0
00724-phy-212-linked-detail-unauthorized,2053526,PHY-212,linked_detail,linked_detail,https://canvas.oregonstate.edu/courses/2053526/quizzes/3160457/questions/59026084,https://canvas.oregonstate.edu/courses/2053526/quizzes/3160457/questions/59026084,Unauthorized,quiz,3160457,3,,,raw_html/00724-phy-212-linked-detail-unauthorized.html,text/00724-phy-212-linked-detail-unauthorized.txt,text/00724-phy-212-linked-detail-unauthorized.fulltext.txt,markdown/00724-phy-212-linked-detail-unauthorized.md,,metadata/00724-phy-212-linked-detail-unauthorized.json,7c468d8649bb5ecca52dfab8063115138604c803420bc0009bdd6eaa73bb6eb0,2b62e20d47d477eacda81c2beef0dbb06e7f4e1a1021b68e5f70be2917f36f5b,2026-07-18T06:45:01.808Z,1,13,2,0,0,0
00725-phy-212-linked-detail-unauthorized,2053526,PHY-212,linked_detail,linked_detail,https://canvas.oregonstate.edu/courses/2053526/quizzes/3160457/questions/59186604,https://canvas.oregonstate.edu/courses/2053526/quizzes/3160457/questions/59186604,Unauthorized,quiz,3160457,3,,,raw_html/00725-phy-212-linked-detail-unauthorized.html,text/00725-phy-212-linked-detail-unauthorized.txt,text/00725-phy-212-linked-detail-unauthorized.fulltext.txt,markdown/00725-phy-212-linked-detail-unauthorized.md,,metadata/00725-phy-212-linked-detail-unauthorized.json,c5158c4bf531a07e0774a37c883fbb7eba6265a0400ab6a0e55fa34833085975,2b62e20d47d477eacda81c2beef0dbb06e7f4e1a1021b68e5f70be2917f36f5b,2026-07-18T06:45:03.958Z,1,13,2,0,0,0
00726-phy-212-linked-detail-unauthorized,2053526,PHY-212,linked_detail,linked_detail,https://canvas.oregonstate.edu/courses/2053526/quizzes/3160457/questions/59186599,https://canvas.oregonstate.edu/courses/2053526/quizzes/3160457/questions/59186599,Unauthorized,quiz,3160457,3,,,raw_html/00726-phy-212-linked-detail-unauthorized.html,text/00726-phy-212-linked-detail-unauthorized.txt,text/00726-phy-212-linked-detail-unauthorized.fulltext.txt,markdown/00726-phy-212-linked-detail-unauthorized.md,,metadata/00726-phy-212-linked-detail-unauthorized.json,8ce3dce6962994958cfa573704d102b112cba9fdfa181e7aeb2113e710e5c0bf,2b62e20d47d477eacda81c2beef0dbb06e7f4e1a1021b68e5f70be2917f36f5b,2026-07-18T06:45:06.208Z,1,13,2,0,0,0
00727-phy-212-linked-detail-unauthorized,2053526,PHY-212,linked_detail,linked_detail,https://canvas.oregonstate.edu/courses/2053526/quizzes/3160457/questions/59186611,https://canvas.oregonstate.edu/courses/2053526/quizzes/3160457/questions/59186611,Unauthorized,quiz,3160457,3,,,raw_html/00727-phy-212-linked-detail-unauthorized.html,text/00727-phy-212-linked-detail-unauthorized.txt,text/00727-phy-212-linked-detail-unauthorized.fulltext.txt,markdown/00727-phy-212-linked-detail-unauthorized.md,,metadata/00727-phy-212-linked-detail-unauthorized.json,e97414c2bae765582dbf4c885248b7e0147b0caf4599c755d5df8038a3f88a21,2b62e20d47d477eacda81c2beef0dbb06e7f4e1a1021b68e5f70be2917f36f5b,2026-07-18T06:45:08.364Z,1,13,2,0,0,0
00728-phy-212-linked-detail-unauthorized,2053526,PHY-212,linked_detail,linked_detail,https://canvas.oregonstate.edu/courses/2053526/quizzes/3160457/questions/59026085,https://canvas.oregonstate.edu/courses/2053526/quizzes/3160457/questions/59026085,Unauthorized,quiz,3160457,3,,,raw_html/00728-phy-212-linked-detail-unauthorized.html,text/00728-phy-212-linked-detail-unauthorized.txt,text/00728-phy-212-linked-detail-unauthorized.fulltext.txt,markdown/00728-phy-212-linked-detail-unauthorized.md,,metadata/00728-phy-212-linked-detail-unauthorized.json,4138458fe04459f2090674d5896b3b5af231a660a9e97cf46443d2c50a9d317e,2b62e20d47d477eacda81c2beef0dbb06e7f4e1a1021b68e5f70be2917f36f5b,2026-07-18T06:45:13.510Z,1,13,2,0,0,0
00729-phy-212-linked-detail-unauthorized,2053526,PHY-212,linked_detail,linked_detail,https://canvas.oregonstate.edu/courses/2053526/quizzes/3160457/questions/59026086,https://canvas.oregonstate.edu/courses/2053526/quizzes/3160457/questions/59026086,Unauthorized,quiz,3160457,3,,,raw_html/00729-phy-212-linked-detail-unauthorized.html,text/00729-phy-212-linked-detail-unauthorized.txt,text/00729-phy-212-linked-detail-unauthorized.fulltext.txt,markdown/00729-phy-212-linked-detail-unauthorized.md,,metadata/00729-phy-212-linked-detail-unauthorized.json,71334a94f0e8e42faea523db2ee1332a99ef328ed071853a0f7cbf2db91bf3a6,2b62e20d47d477eacda81c2beef0dbb06e7f4e1a1021b68e5f70be2917f36f5b,2026-07-18T06:45:15.660Z,1,13,2,0,0,0
00730-phy-212-linked-detail-m1-5asy-general-physics-with-calculus-ph-212-400-u2026,2053526,PHY-212,linked_detail,linked_detail,https://canvas.oregonstate.edu/courses/2053526/quizzes/3160528/take?user_id=6660414,https://canvas.oregonstate.edu/courses/2053526/quizzes/3160528/take?user_id=6660414,M1-5asy: GENERAL PHYSICS WITH CALCULUS (PH_212_400_U2026),quiz,3160528,3,,,raw_html/00730-phy-212-linked-detail-m1-5asy-general-physics-with-calculus-ph-212-400-u2026.html,text/00730-phy-212-linked-detail-m1-5asy-general-physics-with-calculus-ph-212-400-u2026.txt,text/00730-phy-212-linked-detail-m1-5asy-general-physics-with-calculus-ph-212-400-u2026.fulltext.txt,markdown/00730-phy-212-linked-detail-m1-5asy-general-physics-with-calculus-ph-212-400-u2026.md,,metadata/00730-phy-212-linked-detail-m1-5asy-general-physics-with-calculus-ph-212-400-u2026.json,55e7ba5a3901222c3caf48a57cb638c07a527bcd84118736bf8b76c8e1dad2f2,cc4fcbcd91eb763474573b567d0e4821814fbbc67620e423b993c7bb6c9dc43c,2026-07-18T06:45:18.314Z,4,60,2,0,0,0
00731-phy-212-linked-detail-jacob-peterson-s-quiz-history-m1-5asy,2053526,PHY-212,linked_detail,linked_detail,https://canvas.oregonstate.edu/courses/2053526/quizzes/3160528/history?version=1,https://canvas.oregonstate.edu/courses/2053526/quizzes/3160528/history?version=1,Jacob Peterson's Quiz History: M1-5asy,quiz,3160528,3,,,raw_html/00731-phy-212-linked-detail-jacob-peterson-s-quiz-history-m1-5asy.html,text/00731-phy-212-linked-detail-jacob-peterson-s-quiz-history-m1-5asy.txt,text/00731-phy-212-linked-detail-jacob-peterson-s-quiz-history-m1-5asy.fulltext.txt,markdown/00731-phy-212-linked-detail-jacob-peterson-s-quiz-history-m1-5asy.md,,metadata/00731-phy-212-linked-detail-jacob-peterson-s-quiz-history-m1-5asy.json,8936d89461ae938ab7337d668751c8308e92af9cdf4b9c068c49c4badde14b50,a74713708ded3c26c5984029db1ddba5197a8952f08f250fa0a8a2ae88d4578d,2026-07-18T06:45:20.811Z,1,59,2,0,0,0
00732-phy-212-linked-detail-m1-5asy-general-physics-with-calculus-ph-212-400-u2026,2053526,PHY-212,linked_detail,linked_detail,https://canvas.oregonstate.edu/courses/2053526/quizzes/3160528#,https://canvas.oregonstate.edu/courses/2053526/quizzes/3160528#,M1-5asy: GENERAL PHYSICS WITH CALCULUS (PH_212_400_U2026),quiz,3160528,3,,,raw_html/00732-phy-212-linked-detail-m1-5asy-general-physics-with-calculus-ph-212-400-u2026.html,text/00732-phy-212-linked-detail-m1-5asy-general-physics-with-calculus-ph-212-400-u2026.txt,text/00732-phy-212-linked-detail-m1-5asy-general-physics-with-calculus-ph-212-400-u2026.fulltext.txt,markdown/00732-phy-212-linked-detail-m1-5asy-general-physics-with-calculus-ph-212-400-u2026.md,,metadata/00732-phy-212-linked-detail-m1-5asy-general-physics-with-calculus-ph-212-400-u2026.json,88dda4f2d36fab18195df8438f286b9ec1e42b8ff43d8608cafeedd5aee8ce02,f6517140ef08a1c8934e4de4b8226685bf3b8249d0c2380f7f8621aa9a8a9c02,2026-07-18T06:45:23.491Z,4,60,2,0,0,0
00733-phy-212-linked-detail-unauthorized,2053526,PHY-212,linked_detail,linked_detail,https://canvas.oregonstate.edu/courses/2053526/quizzes/3160528/questions/59026406,https://canvas.oregonstate.edu/courses/2053526/quizzes/3160528/questions/59026406,Unauthorized,quiz,3160528,3,,,raw_html/00733-phy-212-linked-detail-unauthorized.html,text/00733-phy-212-linked-detail-unauthorized.txt,text/00733-phy-212-linked-detail-unauthorized.fulltext.txt,markdown/00733-phy-212-linked-detail-unauthorized.md,,metadata/00733-phy-212-linked-detail-unauthorized.json,729bb9e14e8cfd0db7f53a77f766cca5425e4e87a8d898f2c8c3fd81c6e5942b,2b62e20d47d477eacda81c2beef0dbb06e7f4e1a1021b68e5f70be2917f36f5b,2026-07-18T06:45:25.708Z,1,13,2,0,0,0
00734-phy-212-linked-detail-unauthorized,2053526,PHY-212,linked_detail,linked_detail,https://canvas.oregonstate.edu/courses/2053526/quizzes/3160528/questions/59026408,https://canvas.oregonstate.edu/courses/2053526/quizzes/3160528/questions/59026408,Unauthorized,quiz,3160528,3,,,raw_html/00734-phy-212-linked-detail-unauthorized.html,text/00734-phy-212-linked-detail-unauthorized.txt,text/00734-phy-212-linked-detail-unauthorized.fulltext.txt,markdown/00734-phy-212-linked-detail-unauthorized.md,,metadata/00734-phy-212-linked-detail-unauthorized.json,805c63141e3119a3b8fbe226c69a0df4bb8604f66260c044f2c67c884c7c8715,2b62e20d47d477eacda81c2beef0dbb06e7f4e1a1021b68e5f70be2917f36f5b,2026-07-18T06:45:27.810Z,1,13,2,0,0,0
00735-phy-212-linked-detail-unauthorized,2053526,PHY-212,linked_detail,linked_detail,https://canvas.oregonstate.edu/courses/2053526/quizzes/3160528/questions/59026409,https://canvas.oregonstate.edu/courses/2053526/quizzes/3160528/questions/59026409,Unauthorized,quiz,3160528,3,,,raw_html/00735-phy-212-linked-detail-unauthorized.html,text/00735-phy-212-linked-detail-unauthorized.txt,text/00735-phy-212-linked-detail-unauthorized.fulltext.txt,markdown/00735-phy-212-linked-detail-unauthorized.md,,metadata/00735-phy-212-linked-detail-unauthorized.json,75f0710c3a1695cdb026ac77929e3c39617b54a3945fff7f71ebb1f3a20e50d7,2b62e20d47d477eacda81c2beef0dbb06e7f4e1a1021b68e5f70be2917f36f5b,2026-07-18T06:45:29.962Z,1,13,2,0,0,0
00736-phy-212-linked-detail-unauthorized,2053526,PHY-212,linked_detail,linked_detail,https://canvas.oregonstate.edu/courses/2053526/quizzes/3160528/questions/59026410,https://canvas.oregonstate.edu/courses/2053526/quizzes/3160528/questions/59026410,Unauthorized,quiz,3160528,3,,,raw_html/00736-phy-212-linked-detail-unauthorized.html,text/00736-phy-212-linked-detail-unauthorized.txt,text/00736-phy-212-linked-detail-unauthorized.fulltext.txt,markdown/00736-phy-212-linked-detail-unauthorized.md,,metadata/00736-phy-212-linked-detail-unauthorized.json,812b0143287765009fd110324eb02115fcf2599fe10c2e1ff221a122476515b2,2b62e20d47d477eacda81c2beef0dbb06e7f4e1a1021b68e5f70be2917f36f5b,2026-07-18T06:45:32.008Z,1,13,2,0,0,0
00737-phy-212-linked-detail-unauthorized,2053526,PHY-212,linked_detail,linked_detail,https://canvas.oregonstate.edu/courses/2053526/quizzes/3160528/questions/59026411,https://canvas.oregonstate.edu/courses/2053526/quizzes/3160528/questions/59026411,Unauthorized,quiz,3160528,3,,,raw_html/00737-phy-212-linked-detail-unauthorized.html,text/00737-phy-212-linked-detail-unauthorized.txt,text/00737-phy-212-linked-detail-unauthorized.fulltext.txt,markdown/00737-phy-212-linked-detail-unauthorized.md,,metadata/00737-phy-212-linked-detail-unauthorized.json,450d2b5dcc33ffcf764f61698dde84bdc77c8f9194db95b26e2b08d8a21f3333,2b62e20d47d477eacda81c2beef0dbb06e7f4e1a1021b68e5f70be2917f36f5b,2026-07-18T06:45:34.209Z,1,13,2,0,0,0
00738-phy-212-linked-detail-unauthorized,2053526,PHY-212,linked_detail,linked_detail,https://canvas.oregonstate.edu/courses/2053526/quizzes/3160528/questions/59026412,https://canvas.oregonstate.edu/courses/2053526/quizzes/3160528/questions/59026412,Unauthorized,quiz,3160528,3,,,raw_html/00738-phy-212-linked-detail-unauthorized.html,text/00738-phy-212-linked-detail-unauthorized.txt,text/00738-phy-212-linked-detail-unauthorized.fulltext.txt,markdown/00738-phy-212-linked-detail-unauthorized.md,,metadata/00738-phy-212-linked-detail-unauthorized.json,6c97ec0cefd20f5ecc710a43b327b4fc9f306bf64dd1afb0e8138f4c44a53d59,2b62e20d47d477eacda81c2beef0dbb06e7f4e1a1021b68e5f70be2917f36f5b,2026-07-18T06:45:36.258Z,1,13,2,0,0,0
00739-phy-212-linked-detail-unauthorized,2053526,PHY-212,linked_detail,linked_detail,https://canvas.oregonstate.edu/courses/2053526/quizzes/3160528/questions/59026413,https://canvas.oregonstate.edu/courses/2053526/quizzes/3160528/questions/59026413,Unauthorized,quiz,3160528,3,,,raw_html/00739-phy-212-linked-detail-unauthorized.html,text/00739-phy-212-linked-detail-unauthorized.txt,text/00739-phy-212-linked-detail-unauthorized.fulltext.txt,markdown/00739-phy-212-linked-detail-unauthorized.md,,metadata/00739-phy-212-linked-detail-unauthorized.json,cd3244eb91f8d03444baae5d8694788daf8ab048f81775fcb55c8f988a663d3e,2b62e20d47d477eacda81c2beef0dbb06e7f4e1a1021b68e5f70be2917f36f5b,2026-07-18T06:45:38.362Z,1,13,2,0,0,0
00740-phy-212-linked-detail-jacob-peterson-s-quiz-history-quiz-1a-asy-remotely-proctored,2053526,PHY-212,linked_detail,linked_detail,https://canvas.oregonstate.edu/courses/2053526/quizzes/3160453/history?version=1,https://canvas.oregonstate.edu/courses/2053526/quizzes/3160453/history?version=1,Jacob Peterson's Quiz History: Quiz 1A_asy (Remotely Proctored),quiz,3160453,3,,,raw_html/00740-phy-212-linked-detail-jacob-peterson-s-quiz-history-quiz-1a-asy-remotely-proctored.html,text/00740-phy-212-linked-detail-jacob-peterson-s-quiz-history-quiz-1a-asy-remotely-proctored.txt,text/00740-phy-212-linked-detail-jacob-peterson-s-quiz-history-quiz-1a-asy-remotely-proctored.fulltext.txt,markdown/00740-phy-212-linked-detail-jacob-peterson-s-quiz-history-quiz-1a-asy-remotely-proctored.md,,metadata/00740-phy-212-linked-detail-jacob-peterson-s-quiz-history-quiz-1a-asy-remotely-proctored.json,1ff34e39f00a991c4f5a731bad0c1ed69c352f3ef541d8954f201d7240099598,0262f705c14106ac65298d0ff74e3584e40228fe65219fcd7a2732b5204fe01c,2026-07-18T06:45:40.859Z,1,48,2,0,0,0
00741-phy-212-linked-detail-unauthorized,2053526,PHY-212,linked_detail,linked_detail,https://canvas.oregonstate.edu/courses/2053526/quizzes/3160453/questions/59026063,https://canvas.oregonstate.edu/courses/2053526/quizzes/3160453/questions/59026063,Unauthorized,quiz,3160453,3,,,raw_html/00741-phy-212-linked-detail-unauthorized.html,text/00741-phy-212-linked-detail-unauthorized.txt,text/00741-phy-212-linked-detail-unauthorized.fulltext.txt,markdown/00741-phy-212-linked-detail-unauthorized.md,,metadata/00741-phy-212-linked-detail-unauthorized.json,f614367174bd613acb30a2a959acca0bafd1a6acf6a70a5e4d8d78ee13966d66,2b62e20d47d477eacda81c2beef0dbb06e7f4e1a1021b68e5f70be2917f36f5b,2026-07-18T06:45:42.959Z,1,13,2,0,0,0
00742-phy-212-linked-detail-unauthorized,2053526,PHY-212,linked_detail,linked_detail,https://canvas.oregonstate.edu/courses/2053526/quizzes/3160453/questions/59026066,https://canvas.oregonstate.edu/courses/2053526/quizzes/3160453/questions/59026066,Unauthorized,quiz,3160453,3,,,raw_html/00742-phy-212-linked-detail-unauthorized.html,text/00742-phy-212-linked-detail-unauthorized.txt,text/00742-phy-212-linked-detail-unauthorized.fulltext.txt,markdown/00742-phy-212-linked-detail-unauthorized.md,,metadata/00742-phy-212-linked-detail-unauthorized.json,35baf91a94547fb50010cfbb1eb424297c3f59025985b31b45fb26844a878b24,2b62e20d47d477eacda81c2beef0dbb06e7f4e1a1021b68e5f70be2917f36f5b,2026-07-18T06:45:45.008Z,1,13,2,0,0,0
00743-phy-212-linked-detail-unauthorized,2053526,PHY-212,linked_detail,linked_detail,https://canvas.oregonstate.edu/courses/2053526/quizzes/3160453/questions/59026070,https://canvas.oregonstate.edu/courses/2053526/quizzes/3160453/questions/59026070,Unauthorized,quiz,3160453,3,,,raw_html/00743-phy-212-linked-detail-unauthorized.html,text/00743-phy-212-linked-detail-unauthorized.txt,text/00743-phy-212-linked-detail-unauthorized.fulltext.txt,markdown/00743-phy-212-linked-detail-unauthorized.md,,metadata/00743-phy-212-linked-detail-unauthorized.json,6444c37082ac19aff16a5963ab9add7efe8fb5a76194a69b86d5b6ef0a9a5e5a,2b62e20d47d477eacda81c2beef0dbb06e7f4e1a1021b68e5f70be2917f36f5b,2026-07-18T06:45:47.010Z,1,13,2,0,0,0
00744-phy-212-linked-detail-unauthorized,2053526,PHY-212,linked_detail,linked_detail,https://canvas.oregonstate.edu/courses/2053526/quizzes/3160453/questions/59026072,https://canvas.oregonstate.edu/courses/2053526/quizzes/3160453/questions/59026072,Unauthorized,quiz,3160453,3,,,raw_html/00744-phy-212-linked-detail-unauthorized.html,text/00744-phy-212-linked-detail-unauthorized.txt,text/00744-phy-212-linked-detail-unauthorized.fulltext.txt,markdown/00744-phy-212-linked-detail-unauthorized.md,,metadata/00744-phy-212-linked-detail-unauthorized.json,475eac4fcbb04b05d0dd0422dbaf9f814b1ac4d0fa0d35b2ffab5051388b6467,2b62e20d47d477eacda81c2beef0dbb06e7f4e1a1021b68e5f70be2917f36f5b,2026-07-18T06:45:49.161Z,1,13,2,0,0,0
00745-phy-212-linked-detail-jacob-peterson-s-quiz-history-quiz-1b-asy-remotely-proctored,2053526,PHY-212,linked_detail,linked_detail,https://canvas.oregonstate.edu/courses/2053526/quizzes/3160494/history?version=1,https://canvas.oregonstate.edu/courses/2053526/quizzes/3160494/history?version=1,Jacob Peterson's Quiz History: Quiz 1B_asy (Remotely Proctored),quiz,3160494,3,,,raw_html/00745-phy-212-linked-detail-jacob-peterson-s-quiz-history-quiz-1b-asy-remotely-proctored.html,text/00745-phy-212-linked-detail-jacob-peterson-s-quiz-history-quiz-1b-asy-remotely-proctored.txt,text/00745-phy-212-linked-detail-jacob-peterson-s-quiz-history-quiz-1b-asy-remotely-proctored.fulltext.txt,markdown/00745-phy-212-linked-detail-jacob-peterson-s-quiz-history-quiz-1b-asy-remotely-proctored.md,,metadata/00745-phy-212-linked-detail-jacob-peterson-s-quiz-history-quiz-1b-asy-remotely-proctored.json,cd160000cfef6e382df61504960e148ae0698e3c1d6659fb6067cf0f50b93379,99e855126c64fb1abbf23722faf11cd1b3b677001129049adc18e7ceb640741c,2026-07-18T06:45:51.509Z,1,39,2,0,0,0
00746-phy-212-linked-detail-quiz-1b-asy-remotely-proctored-general-physics-with-calculus-ph-212-400-u2026,2053526,PHY-212,linked_detail,linked_detail,https://canvas.oregonstate.edu/courses/2053526/quizzes/3160494#,https://canvas.oregonstate.edu/courses/2053526/quizzes/3160494#,Quiz 1B_asy (Remotely Proctored): GENERAL PHYSICS WITH CALCULUS (PH_212_400_U2026),quiz,3160494,3,,,raw_html/00746-phy-212-linked-detail-quiz-1b-asy-remotely-proctored-general-physics-with-calculus-ph-212-400-u2026.html,text/00746-phy-212-linked-detail-quiz-1b-asy-remotely-proctored-general-physics-with-calculus-ph-212-400-u2026.txt,text/00746-phy-212-linked-detail-quiz-1b-asy-remotely-proctored-general-physics-with-calculus-ph-212-400-u2026.fulltext.txt,markdown/00746-phy-212-linked-detail-quiz-1b-asy-remotely-proctored-general-physics-with-calculus-ph-212-400-u2026.md,,metadata/00746-phy-212-linked-detail-quiz-1b-asy-remotely-proctored-general-physics-with-calculus-ph-212-400-u2026.json,76cfc32bdee07aa9f42c608dd091ee7210875382862b7f777bd1379a069890f0,eb4f806f7b70c91bd3708c6c38b6009c103d05e80cd1b0b1ab6828cf80a608c6,2026-07-18T06:45:54.361Z,3,40,2,0,0,0
00747-phy-212-linked-detail-unauthorized,2053526,PHY-212,linked_detail,linked_detail,https://canvas.oregonstate.edu/courses/2053526/quizzes/3160494/questions/59026264,https://canvas.oregonstate.edu/courses/2053526/quizzes/3160494/questions/59026264,Unauthorized,quiz,3160494,3,,,raw_html/00747-phy-212-linked-detail-unauthorized.html,text/00747-phy-212-linked-detail-unauthorized.txt,text/00747-phy-212-linked-detail-unauthorized.fulltext.txt,markdown/00747-phy-212-linked-detail-unauthorized.md,,metadata/00747-phy-212-linked-detail-unauthorized.json,47396ead3c9233ee6b415d3953f5fb55b32d837208caeb48bda86e6a1628c50b,2b62e20d47d477eacda81c2beef0dbb06e7f4e1a1021b68e5f70be2917f36f5b,2026-07-18T06:45:57.061Z,1,13,2,0,0,0
00748-phy-212-linked-detail-lab-supplies-general-physics-with-calculus-ph-212-400-u2026,2053526,PHY-212,linked_detail,linked_detail,https://canvas.oregonstate.edu/courses/2053526/pages/lab-supplies,https://canvas.oregonstate.edu/courses/2053526/pages/lab-supplies,Lab Supplies: GENERAL PHYSICS WITH CALCULUS (PH_212_400_U2026),page,lab-supplies,3,,,raw_html/00748-phy-212-linked-detail-lab-supplies-general-physics-with-calculus-ph-212-400-u2026.html,text/00748-phy-212-linked-detail-lab-supplies-general-physics-with-calculus-ph-212-400-u2026.txt,text/00748-phy-212-linked-detail-lab-supplies-general-physics-with-calculus-ph-212-400-u2026.fulltext.txt,markdown/00748-phy-212-linked-detail-lab-supplies-general-physics-with-calculus-ph-212-400-u2026.md,,metadata/00748-phy-212-linked-detail-lab-supplies-general-physics-with-calculus-ph-212-400-u2026.json,5475f493d299ed38fa00a2315403e3d0c83da5401f985c39d3ef2ff13522cc5e,484fdaac0ac323124c050d0b5b6f9d1fc914e461f2033453758461c08a56b65b,2026-07-18T06:45:59.510Z,3,35,2,0,0,0
00749-phy-212-linked-detail-lab-partner-values-survey-general-physics-with-calculus-ph-212-400-u2026,2053526,PHY-212,linked_detail,linked_detail,https://canvas.oregonstate.edu/courses/2053526/quizzes/3160536,https://canvas.oregonstate.edu/courses/2053526/quizzes/3160536,Lab Partner Values Survey: GENERAL PHYSICS WITH CALCULUS (PH_212_400_U2026),quiz,3160536,3,,,raw_html/00749-phy-212-linked-detail-lab-partner-values-survey-general-physics-with-calculus-ph-212-400-u2026.html,text/00749-phy-212-linked-detail-lab-partner-values-survey-general-physics-with-calculus-ph-212-400-u2026.txt,text/00749-phy-212-linked-detail-lab-partner-values-survey-general-physics-with-calculus-ph-212-400-u2026.fulltext.txt,markdown/00749-phy-212-linked-detail-lab-partner-values-survey-general-physics-with-calculus-ph-212-400-u2026.md,,metadata/00749-phy-212-linked-detail-lab-partner-values-survey-general-physics-with-calculus-ph-212-400-u2026.json,0be256c3a0b8b7263dc4d5ca2f5183e6979a1b3a4f63182113ddeabf460d0887,04685042e9b9cada2ae0b703965c30c5247acc4595ae3365b1b6ac6d05d5ee9a,2026-07-18T06:46:02.192Z,2,54,2,0,0,0
00750-phy-212-linked-detail-lab-collaboration-contract-general-physics-with-calculus-ph-212-400-u2026,2053526,PHY-212,linked_detail,linked_detail,https://canvas.oregonstate.edu/courses/2053526/quizzes/3160479,https://canvas.oregonstate.edu/courses/2053526/quizzes/3160479,Lab Collaboration Contract: GENERAL PHYSICS WITH CALCULUS (PH_212_400_U2026),quiz,3160479,3,,,raw_html/00750-phy-212-linked-detail-lab-collaboration-contract-general-physics-with-calculus-ph-212-400-u2026.html,text/00750-phy-212-linked-detail-lab-collaboration-contract-general-physics-with-calculus-ph-212-400-u2026.txt,text/00750-phy-212-linked-detail-lab-collaboration-contract-general-physics-with-calculus-ph-212-400-u2026.fulltext.txt,markdown/00750-phy-212-linked-detail-lab-collaboration-contract-general-physics-with-calculus-ph-212-400-u2026.md,,metadata/00750-phy-212-linked-detail-lab-collaboration-contract-general-physics-with-calculus-ph-212-400-u2026.json,99979e230b50922d97055bb1c20ad562785cc75eca129308e1e26ce3b53e9a54,b8daea72a09c9cab707a25878c6462adf1f6c2aea3c0352fe4e0036258028711,2026-07-18T06:46:04.762Z,3,36,2,0,0,0
00751-phy-212-linked-detail-hw-3-center-of-mass-moment-of-inertia-general-physics-with-calculus-ph-212-400-u2026,2053526,PHY-212,linked_detail,linked_detail,https://canvas.oregonstate.edu/courses/2053526/quizzes/3160462/take?user_id=6660414,https://canvas.oregonstate.edu/courses/2053526/quizzes/3160462/take?user_id=6660414,Hw 3 - Center of Mass & Moment of Inertia: GENERAL PHYSICS WITH CALCULUS (PH_212_400_U2026),quiz,3160462,3,,,raw_html/00751-phy-212-linked-detail-hw-3-center-of-mass-moment-of-inertia-general-physics-with-calculus-ph-212-400-u2026.html,text/00751-phy-212-linked-detail-hw-3-center-of-mass-moment-of-inertia-general-physics-with-calculus-ph-212-400-u2026.txt,text/00751-phy-212-linked-detail-hw-3-center-of-mass-moment-of-inertia-general-physics-with-calculus-ph-212-400-u2026.fulltext.txt,markdown/00751-phy-212-linked-detail-hw-3-center-of-mass-moment-of-inertia-general-physics-with-calculus-ph-212-400-u2026.md,,metadata/00751-phy-212-linked-detail-hw-3-center-of-mass-moment-of-inertia-general-physics-with-calculus-ph-212-400-u2026.json,7cae79debaaf5044bd82d597c68969c8d52a7caff459ca6e3688e8522055a70c,ab6b6b89216fa2cebf80243efc4a0875c2f981fa522f22bcfbffaa445d886944,2026-07-18T06:46:07.865Z,2,66,2,0,0,0
00752-phy-212-linked-detail-jacob-peterson-s-quiz-history-hw-3-center-of-mass-moment-of-inertia,2053526,PHY-212,linked_detail,linked_detail,https://canvas.oregonstate.edu/courses/2053526/quizzes/3160462/history?version=1,https://canvas.oregonstate.edu/courses/2053526/quizzes/3160462/history?version=1,Jacob Peterson's Quiz History: Hw 3 - Center of Mass & Moment of Inertia,quiz,3160462,3,,,raw_html/00752-phy-212-linked-detail-jacob-peterson-s-quiz-history-hw-3-center-of-mass-moment-of-inertia.html,text/00752-phy-212-linked-detail-jacob-peterson-s-quiz-history-hw-3-center-of-mass-moment-of-inertia.txt,text/00752-phy-212-linked-detail-jacob-peterson-s-quiz-history-hw-3-center-of-mass-moment-of-inertia.fulltext.txt,markdown/00752-phy-212-linked-detail-jacob-peterson-s-quiz-history-hw-3-center-of-mass-moment-of-inertia.md,,metadata/00752-phy-212-linked-detail-jacob-peterson-s-quiz-history-hw-3-center-of-mass-moment-of-inertia.json,d0caee56aaeebb8a6c4100784f3544853ac2a352429cf238feb0a2f9f3731659,a6c890dc789159ec84158f15fa57b6b780b18389ac6e8442906fb0c8c07fa740,2026-07-18T06:46:12.718Z,1,66,2,0,0,0
00753-phy-212-linked-detail-hw-3-center-of-mass-moment-of-inertia-general-physics-with-calculus-ph-212-400-u2026,2053526,PHY-212,linked_detail,linked_detail,https://canvas.oregonstate.edu/courses/2053526/quizzes/3160462#,https://canvas.oregonstate.edu/courses/2053526/quizzes/3160462#,Hw 3 - Center of Mass & Moment of Inertia: GENERAL PHYSICS WITH CALCULUS (PH_212_400_U2026),quiz,3160462,3,,,raw_html/00753-phy-212-linked-detail-hw-3-center-of-mass-moment-of-inertia-general-physics-with-calculus-ph-212-400-u2026.html,text/00753-phy-212-linked-detail-hw-3-center-of-mass-moment-of-inertia-general-physics-with-calculus-ph-212-400-u2026.txt,text/00753-phy-212-linked-detail-hw-3-center-of-mass-moment-of-inertia-general-physics-with-calculus-ph-212-400-u2026.fulltext.txt,markdown/00753-phy-212-linked-detail-hw-3-center-of-mass-moment-of-inertia-general-physics-with-calculus-ph-212-400-u2026.md,,metadata/00753-phy-212-linked-detail-hw-3-center-of-mass-moment-of-inertia-general-physics-with-calculus-ph-212-400-u2026.json,15f9dba3a4f25f898b7071a27f5ed816396415d4f99ff130a2c99c3fe71fd7ae,ab6b6b89216fa2cebf80243efc4a0875c2f981fa522f22bcfbffaa445d886944,2026-07-18T06:46:16.268Z,2,66,2,0,0,0
00754-phy-212-linked-detail-unauthorized,2053526,PHY-212,linked_detail,linked_detail,https://canvas.oregonstate.edu/courses/2053526/quizzes/3160462/questions/59026102,https://canvas.oregonstate.edu/courses/2053526/quizzes/3160462/questions/59026102,Unauthorized,quiz,3160462,3,,,raw_html/00754-phy-212-linked-detail-unauthorized.html,text/00754-phy-212-linked-detail-unauthorized.txt,text/00754-phy-212-linked-detail-unauthorized.fulltext.txt,markdown/00754-phy-212-linked-detail-unauthorized.md,,metadata/00754-phy-212-linked-detail-unauthorized.json,26d1176c7e6de8dba42c0befbc2f7e07b69ebe49ace1a749a817b972a1042699,2b62e20d47d477eacda81c2beef0dbb06e7f4e1a1021b68e5f70be2917f36f5b,2026-07-18T06:46:19.313Z,1,13,2,0,0,0
00755-phy-212-linked-detail-unauthorized,2053526,PHY-212,linked_detail,linked_detail,https://canvas.oregonstate.edu/courses/2053526/quizzes/3160462/questions/59026103,https://canvas.oregonstate.edu/courses/2053526/quizzes/3160462/questions/59026103,Unauthorized,quiz,3160462,3,,,raw_html/00755-phy-212-linked-detail-unauthorized.html,text/00755-phy-212-linked-detail-unauthorized.txt,text/00755-phy-212-linked-detail-unauthorized.fulltext.txt,markdown/00755-phy-212-linked-detail-unauthorized.md,,metadata/00755-phy-212-linked-detail-unauthorized.json,123cc6bc243e5b359da77e21b6e537fa522049ce80990058166f0e6181f6a959,2b62e20d47d477eacda81c2beef0dbb06e7f4e1a1021b68e5f70be2917f36f5b,2026-07-18T06:46:22.007Z,1,13,2,0,0,0
00756-phy-212-linked-detail-unauthorized,2053526,PHY-212,linked_detail,linked_detail,https://canvas.oregonstate.edu/courses/2053526/quizzes/3160462/questions/59026104,https://canvas.oregonstate.edu/courses/2053526/quizzes/3160462/questions/59026104,Unauthorized,quiz,3160462,3,,,raw_html/00756-phy-212-linked-detail-unauthorized.html,text/00756-phy-212-linked-detail-unauthorized.txt,text/00756-phy-212-linked-detail-unauthorized.fulltext.txt,markdown/00756-phy-212-linked-detail-unauthorized.md,,metadata/00756-phy-212-linked-detail-unauthorized.json,61ff1b29d351fc0c0931709fec2623490493b5b63116c354ed5dbd616d211c66,2b62e20d47d477eacda81c2beef0dbb06e7f4e1a1021b68e5f70be2917f36f5b,2026-07-18T06:46:25.012Z,1,13,2,0,0,0
00757-phy-212-linked-detail-unauthorized,2053526,PHY-212,linked_detail,linked_detail,https://canvas.oregonstate.edu/courses/2053526/quizzes/3160462/questions/59026105,https://canvas.oregonstate.edu/courses/2053526/quizzes/3160462/questions/59026105,Unauthorized,quiz,3160462,3,,,raw_html/00757-phy-212-linked-detail-unauthorized.html,text/00757-phy-212-linked-detail-unauthorized.txt,text/00757-phy-212-linked-detail-unauthorized.fulltext.txt,markdown/00757-phy-212-linked-detail-unauthorized.md,,metadata/00757-phy-212-linked-detail-unauthorized.json,041d1f1861b0b53127083bf1ab16997e0a9d446e09fe2148779cd86d2e307b01,2b62e20d47d477eacda81c2beef0dbb06e7f4e1a1021b68e5f70be2917f36f5b,2026-07-18T06:46:27.460Z,1,13,2,0,0,0
00758-phy-212-linked-detail-unauthorized,2053526,PHY-212,linked_detail,linked_detail,https://canvas.oregonstate.edu/courses/2053526/quizzes/3160462/questions/59026106,https://canvas.oregonstate.edu/courses/2053526/quizzes/3160462/questions/59026106,Unauthorized,quiz,3160462,3,,,raw_html/00758-phy-212-linked-detail-unauthorized.html,text/00758-phy-212-linked-detail-unauthorized.txt,text/00758-phy-212-linked-detail-unauthorized.fulltext.txt,markdown/00758-phy-212-linked-detail-unauthorized.md,,metadata/00758-phy-212-linked-detail-unauthorized.json,5b7c25105cb0e0562f47902821fedf22675b54e5f6ddb945bf0cdb00bf2b2b10,2b62e20d47d477eacda81c2beef0dbb06e7f4e1a1021b68e5f70be2917f36f5b,2026-07-18T06:46:29.811Z,1,13,2,0,0,0
00759-phy-212-linked-detail-unauthorized,2053526,PHY-212,linked_detail,linked_detail,https://canvas.oregonstate.edu/courses/2053526/quizzes/3160462/questions/59026107,https://canvas.oregonstate.edu/courses/2053526/quizzes/3160462/questions/59026107,Unauthorized,quiz,3160462,3,,,raw_html/00759-phy-212-linked-detail-unauthorized.html,text/00759-phy-212-linked-detail-unauthorized.txt,text/00759-phy-212-linked-detail-unauthorized.fulltext.txt,markdown/00759-phy-212-linked-detail-unauthorized.md,,metadata/00759-phy-212-linked-detail-unauthorized.json,ceec559fa77bfc5ab2f8d8b246b94a5ca514ecc2a4387a6dd5d4f0b446b77b2b,2b62e20d47d477eacda81c2beef0dbb06e7f4e1a1021b68e5f70be2917f36f5b,2026-07-18T06:46:32.210Z,1,13,2,0,0,0
00760-phy-212-linked-detail-unauthorized,2053526,PHY-212,linked_detail,linked_detail,https://canvas.oregonstate.edu/courses/2053526/quizzes/3160462/questions/59026108,https://canvas.oregonstate.edu/courses/2053526/quizzes/3160462/questions/59026108,Unauthorized,quiz,3160462,3,,,raw_html/00760-phy-212-linked-detail-unauthorized.html,text/00760-phy-212-linked-detail-unauthorized.txt,text/00760-phy-212-linked-detail-unauthorized.fulltext.txt,markdown/00760-phy-212-linked-detail-unauthorized.md,,metadata/00760-phy-212-linked-detail-unauthorized.json,83d62dd1a1257853a58bf4ed31f407730bc5898e210646a7bc8685f4b6d8273a,2b62e20d47d477eacda81c2beef0dbb06e7f4e1a1021b68e5f70be2917f36f5b,2026-07-18T06:46:34.559Z,1,13,2,0,0,0
00761-phy-212-linked-detail-unauthorized,2053526,PHY-212,linked_detail,linked_detail,https://canvas.oregonstate.edu/courses/2053526/quizzes/3160462/questions/59026109,https://canvas.oregonstate.edu/courses/2053526/quizzes/3160462/questions/59026109,Unauthorized,quiz,3160462,3,,,raw_html/00761-phy-212-linked-detail-unauthorized.html,text/00761-phy-212-linked-detail-unauthorized.txt,text/00761-phy-212-linked-detail-unauthorized.fulltext.txt,markdown/00761-phy-212-linked-detail-unauthorized.md,,metadata/00761-phy-212-linked-detail-unauthorized.json,96c302aef7c36e6238dc7a71f20850c3553137f4db7f93185bface9942a4a8f1,2b62e20d47d477eacda81c2beef0dbb06e7f4e1a1021b68e5f70be2917f36f5b,2026-07-18T06:46:36.914Z,1,13,2,0,0,0
00762-phy-212-linked-detail-unauthorized,2053526,PHY-212,linked_detail,linked_detail,https://canvas.oregonstate.edu/courses/2053526/quizzes/3160462/questions/59026110,https://canvas.oregonstate.edu/courses/2053526/quizzes/3160462/questions/59026110,Unauthorized,quiz,3160462,3,,,raw_html/00762-phy-212-linked-detail-unauthorized.html,text/00762-phy-212-linked-detail-unauthorized.txt,text/00762-phy-212-linked-detail-unauthorized.fulltext.txt,markdown/00762-phy-212-linked-detail-unauthorized.md,,metadata/00762-phy-212-linked-detail-unauthorized.json,165f1007a5834962184c21c6a1605bf473a57b1bdd1ab605f7e6c6fa434363f8,2b62e20d47d477eacda81c2beef0dbb06e7f4e1a1021b68e5f70be2917f36f5b,2026-07-18T06:46:39.262Z,1,13,2,0,0,0
00763-phy-212-linked-detail-unauthorized,2053526,PHY-212,linked_detail,linked_detail,https://canvas.oregonstate.edu/courses/2053526/quizzes/3160462/questions/59026111,https://canvas.oregonstate.edu/courses/2053526/quizzes/3160462/questions/59026111,Unauthorized,quiz,3160462,3,,,raw_html/00763-phy-212-linked-detail-unauthorized.html,text/00763-phy-212-linked-detail-unauthorized.txt,text/00763-phy-212-linked-detail-unauthorized.fulltext.txt,markdown/00763-phy-212-linked-detail-unauthorized.md,,metadata/00763-phy-212-linked-detail-unauthorized.json,ba9f4e692dcb7f4dbf91ddd799308e12f8be7d06aab99f25af803599baec8885,2b62e20d47d477eacda81c2beef0dbb06e7f4e1a1021b68e5f70be2917f36f5b,2026-07-18T06:46:41.317Z,1,13,2,0,0,0
00764-phy-212-linked-detail-hw-4-rotational-dynamics-general-physics-with-calculus-ph-212-400-u2026,2053526,PHY-212,linked_detail,linked_detail,https://canvas.oregonstate.edu/courses/2053526/quizzes/3160480/take?user_id=6660414,https://canvas.oregonstate.edu/courses/2053526/quizzes/3160480/take?user_id=6660414,Hw 4 - Rotational Dynamics: GENERAL PHYSICS WITH CALCULUS (PH_212_400_U2026),quiz,3160480,3,,,raw_html/00764-phy-212-linked-detail-hw-4-rotational-dynamics-general-physics-with-calculus-ph-212-400-u2026.html,text/00764-phy-212-linked-detail-hw-4-rotational-dynamics-general-physics-with-calculus-ph-212-400-u2026.txt,text/00764-phy-212-linked-detail-hw-4-rotational-dynamics-general-physics-with-calculus-ph-212-400-u2026.fulltext.txt,markdown/00764-phy-212-linked-detail-hw-4-rotational-dynamics-general-physics-with-calculus-ph-212-400-u2026.md,,metadata/00764-phy-212-linked-detail-hw-4-rotational-dynamics-general-physics-with-calculus-ph-212-400-u2026.json,2fd9d461d60eba36f774cea24b37649df7dee656f31ab3c202ae947d87da06a8,39ec4b0fc44326d27d7b4fb733b2e73376cd3035cddb67bc2873e1efc2eeb97b,2026-07-18T06:46:44.373Z,2,76,2,0,0,0
00765-phy-212-linked-detail-hw-4-rotational-dynamics-general-physics-with-calculus-ph-212-400-u2026,2053526,PHY-212,linked_detail,linked_detail,https://canvas.oregonstate.edu/courses/2053526/quizzes/3160480#,https://canvas.oregonstate.edu/courses/2053526/quizzes/3160480#,Hw 4 - Rotational Dynamics: GENERAL PHYSICS WITH CALCULUS (PH_212_400_U2026),quiz,3160480,3,,,raw_html/00765-phy-212-linked-detail-hw-4-rotational-dynamics-general-physics-with-calculus-ph-212-400-u2026.html,text/00765-phy-212-linked-detail-hw-4-rotational-dynamics-general-physics-with-calculus-ph-212-400-u2026.txt,text/00765-phy-212-linked-detail-hw-4-rotational-dynamics-general-physics-with-calculus-ph-212-400-u2026.fulltext.txt,markdown/00765-phy-212-linked-detail-hw-4-rotational-dynamics-general-physics-with-calculus-ph-212-400-u2026.md,,metadata/00765-phy-212-linked-detail-hw-4-rotational-dynamics-general-physics-with-calculus-ph-212-400-u2026.json,fcc4776cabc68a765ec900b514bc3cc62bbe0599a51b28a609a8c366744a8436,a90ad48283def3b626f7a470be45b50db97d023179a568864a9a48c056bfda68,2026-07-18T06:46:47.719Z,3,79,2,0,0,0
00766-phy-212-linked-detail-unauthorized,2053526,PHY-212,linked_detail,linked_detail,https://canvas.oregonstate.edu/courses/2053526/quizzes/3160480/questions/59026185,https://canvas.oregonstate.edu/courses/2053526/quizzes/3160480/questions/59026185,Unauthorized,quiz,3160480,3,,,raw_html/00766-phy-212-linked-detail-unauthorized.html,text/00766-phy-212-linked-detail-unauthorized.txt,text/00766-phy-212-linked-detail-unauthorized.fulltext.txt,markdown/00766-phy-212-linked-detail-unauthorized.md,,metadata/00766-phy-212-linked-detail-unauthorized.json,b6b2d11c5fd8aa4574903a5e240ef7e45e01b4fc3e68e5136492ac80a29f042c,2b62e20d47d477eacda81c2beef0dbb06e7f4e1a1021b68e5f70be2917f36f5b,2026-07-18T06:46:50.167Z,1,13,2,0,0,0
00767-phy-212-linked-detail-unauthorized,2053526,PHY-212,linked_detail,linked_detail,https://canvas.oregonstate.edu/courses/2053526/quizzes/3160480/questions/59026186,https://canvas.oregonstate.edu/courses/2053526/quizzes/3160480/questions/59026186,Unauthorized,quiz,3160480,3,,,raw_html/00767-phy-212-linked-detail-unauthorized.html,text/00767-phy-212-linked-detail-unauthorized.txt,text/00767-phy-212-linked-detail-unauthorized.fulltext.txt,markdown/00767-phy-212-linked-detail-unauthorized.md,,metadata/00767-phy-212-linked-detail-unauthorized.json,8c48d93e15f26281b487710d7de96dc506c9716e7d92e36bc8a33d8852ed9068,2b62e20d47d477eacda81c2beef0dbb06e7f4e1a1021b68e5f70be2917f36f5b,2026-07-18T06:46:52.367Z,1,13,2,0,0,0
00768-phy-212-linked-detail-unauthorized,2053526,PHY-212,linked_detail,linked_detail,https://canvas.oregonstate.edu/courses/2053526/quizzes/3160480/questions/59026187,https://canvas.oregonstate.edu/courses/2053526/quizzes/3160480/questions/59026187,Unauthorized,quiz,3160480,3,,,raw_html/00768-phy-212-linked-detail-unauthorized.html,text/00768-phy-212-linked-detail-unauthorized.txt,text/00768-phy-212-linked-detail-unauthorized.fulltext.txt,markdown/00768-phy-212-linked-detail-unauthorized.md,,metadata/00768-phy-212-linked-detail-unauthorized.json,8762858b220c08ea74fe3ebde393bcae37c014d511634d8d111832dc52ea477d,2b62e20d47d477eacda81c2beef0dbb06e7f4e1a1021b68e5f70be2917f36f5b,2026-07-18T06:46:55.260Z,1,13,2,0,0,0
00769-phy-212-linked-detail-unauthorized,2053526,PHY-212,linked_detail,linked_detail,https://canvas.oregonstate.edu/courses/2053526/quizzes/3160480/questions/59026188,https://canvas.oregonstate.edu/courses/2053526/quizzes/3160480/questions/59026188,Unauthorized,quiz,3160480,3,,,raw_html/00769-phy-212-linked-detail-unauthorized.html,text/00769-phy-212-linked-detail-unauthorized.txt,text/00769-phy-212-linked-detail-unauthorized.fulltext.txt,markdown/00769-phy-212-linked-detail-unauthorized.md,,metadata/00769-phy-212-linked-detail-unauthorized.json,7366aba799d40d70b50f12ba7445f6b1ec7ae5eec218e2aa20d6dd566686668c,2b62e20d47d477eacda81c2beef0dbb06e7f4e1a1021b68e5f70be2917f36f5b,2026-07-18T06:47:00.079Z,1,13,2,0,0,0
00770-phy-212-linked-detail-unauthorized,2053526,PHY-212,linked_detail,linked_detail,https://canvas.oregonstate.edu/courses/2053526/quizzes/3160480/questions/59026189,https://canvas.oregonstate.edu/courses/2053526/quizzes/3160480/questions/59026189,Unauthorized,quiz,3160480,3,,,raw_html/00770-phy-212-linked-detail-unauthorized.html,text/00770-phy-212-linked-detail-unauthorized.txt,text/00770-phy-212-linked-detail-unauthorized.fulltext.txt,markdown/00770-phy-212-linked-detail-unauthorized.md,,metadata/00770-phy-212-linked-detail-unauthorized.json,4b2d18b9cf5975531a40886cf590c118a149a2d16c50e5670f5fda2dd2bf5300,2b62e20d47d477eacda81c2beef0dbb06e7f4e1a1021b68e5f70be2917f36f5b,2026-07-18T06:47:03.617Z,1,13,2,0,0,0
00771-phy-212-linked-detail-unauthorized,2053526,PHY-212,linked_detail,linked_detail,https://canvas.oregonstate.edu/courses/2053526/quizzes/3160480/questions/59026190,https://canvas.oregonstate.edu/courses/2053526/quizzes/3160480/questions/59026190,Unauthorized,quiz,3160480,3,,,raw_html/00771-phy-212-linked-detail-unauthorized.html,text/00771-phy-212-linked-detail-unauthorized.txt,text/00771-phy-212-linked-detail-unauthorized.fulltext.txt,markdown/00771-phy-212-linked-detail-unauthorized.md,,metadata/00771-phy-212-linked-detail-unauthorized.json,17ae6727d77abdae570c66b297dc723f7c44cd2eee56370231f960fad0b6bf16,2b62e20d47d477eacda81c2beef0dbb06e7f4e1a1021b68e5f70be2917f36f5b,2026-07-18T06:47:09.870Z,1,13,2,0,0,0
00772-phy-212-linked-detail-unauthorized,2053526,PHY-212,linked_detail,linked_detail,https://canvas.oregonstate.edu/courses/2053526/quizzes/3160480/questions/59026191,https://canvas.oregonstate.edu/courses/2053526/quizzes/3160480/questions/59026191,Unauthorized,quiz,3160480,3,,,raw_html/00772-phy-212-linked-detail-unauthorized.html,text/00772-phy-212-linked-detail-unauthorized.txt,text/00772-phy-212-linked-detail-unauthorized.fulltext.txt,markdown/00772-phy-212-linked-detail-unauthorized.md,,metadata/00772-phy-212-linked-detail-unauthorized.json,e8a470f9e1e2fe5b09501f1af0661e61dce6828f353f13ecb9181297e54bd82e,2b62e20d47d477eacda81c2beef0dbb06e7f4e1a1021b68e5f70be2917f36f5b,2026-07-18T06:47:13.882Z,1,13,2,0,0,0
00773-phy-212-linked-detail-unauthorized,2053526,PHY-212,linked_detail,linked_detail,https://canvas.oregonstate.edu/courses/2053526/quizzes/3160480/questions/59026192,https://canvas.oregonstate.edu/courses/2053526/quizzes/3160480/questions/59026192,Unauthorized,quiz,3160480,3,,,raw_html/00773-phy-212-linked-detail-unauthorized.html,text/00773-phy-212-linked-detail-unauthorized.txt,text/00773-phy-212-linked-detail-unauthorized.fulltext.txt,markdown/00773-phy-212-linked-detail-unauthorized.md,,metadata/00773-phy-212-linked-detail-unauthorized.json,fc93fbbf3a1199b6dd60106adde595604ffd782a9483b306049c3e76cfa09037,2b62e20d47d477eacda81c2beef0dbb06e7f4e1a1021b68e5f70be2917f36f5b,2026-07-18T06:47:16.911Z,1,13,2,0,0,0
00774-phy-212-linked-detail-unauthorized,2053526,PHY-212,linked_detail,linked_detail,https://canvas.oregonstate.edu/courses/2053526/quizzes/3160480/questions/59026193,https://canvas.oregonstate.edu/courses/2053526/quizzes/3160480/questions/59026193,Unauthorized,quiz,3160480,3,,,raw_html/00774-phy-212-linked-detail-unauthorized.html,text/00774-phy-212-linked-detail-unauthorized.txt,text/00774-phy-212-linked-detail-unauthorized.fulltext.txt,markdown/00774-phy-212-linked-detail-unauthorized.md,,metadata/00774-phy-212-linked-detail-unauthorized.json,9f5f59296cb4588f2ebca1d9d673f249bc06a48589ebf2744caea83feac4dbcf,2b62e20d47d477eacda81c2beef0dbb06e7f4e1a1021b68e5f70be2917f36f5b,2026-07-18T06:47:19.670Z,1,13,2,0,0,0
00775-phy-212-linked-detail-unauthorized,2053526,PHY-212,linked_detail,linked_detail,https://canvas.oregonstate.edu/courses/2053526/quizzes/3160480/questions/59026194,https://canvas.oregonstate.edu/courses/2053526/quizzes/3160480/questions/59026194,Unauthorized,quiz,3160480,3,,,raw_html/00775-phy-212-linked-detail-unauthorized.html,text/00775-phy-212-linked-detail-unauthorized.txt,text/00775-phy-212-linked-detail-unauthorized.fulltext.txt,markdown/00775-phy-212-linked-detail-unauthorized.md,,metadata/00775-phy-212-linked-detail-unauthorized.json,62adf077701c865c103dfa43dd9a4a3a993489de70e943c949c651f371073dc3,2b62e20d47d477eacda81c2beef0dbb06e7f4e1a1021b68e5f70be2917f36f5b,2026-07-18T06:47:22.767Z,1,13,2,0,0,0
00776-phy-212-linked-detail-unauthorized,2053526,PHY-212,linked_detail,linked_detail,https://canvas.oregonstate.edu/courses/2053526/quizzes/3160480/questions/59026195,https://canvas.oregonstate.edu/courses/2053526/quizzes/3160480/questions/59026195,Unauthorized,quiz,3160480,3,,,raw_html/00776-phy-212-linked-detail-unauthorized.html,text/00776-phy-212-linked-detail-unauthorized.txt,text/00776-phy-212-linked-detail-unauthorized.fulltext.txt,markdown/00776-phy-212-linked-detail-unauthorized.md,,metadata/00776-phy-212-linked-detail-unauthorized.json,bbac4eff44eb36d3cac67d2841961b9b4847b503b01dc95bedfc05865bbe1a25,2b62e20d47d477eacda81c2beef0dbb06e7f4e1a1021b68e5f70be2917f36f5b,2026-07-18T06:47:25.564Z,1,13,2,0,0,0
00777-phy-212-linked-detail-unauthorized,2053526,PHY-212,linked_detail,linked_detail,https://canvas.oregonstate.edu/courses/2053526/quizzes/3160480/questions/59026196,https://canvas.oregonstate.edu/courses/2053526/quizzes/3160480/questions/59026196,Unauthorized,quiz,3160480,3,,,raw_html/00777-phy-212-linked-detail-unauthorized.html,text/00777-phy-212-linked-detail-unauthorized.txt,text/00777-phy-212-linked-detail-unauthorized.fulltext.txt,markdown/00777-phy-212-linked-detail-unauthorized.md,,metadata/00777-phy-212-linked-detail-unauthorized.json,3924590c8ab3133102d1b2e381907d522f253d21034cfe1ee2a5761364994339,2b62e20d47d477eacda81c2beef0dbb06e7f4e1a1021b68e5f70be2917f36f5b,2026-07-18T06:47:28.632Z,1,13,2,0,0,0
00778-phy-212-linked-detail-unauthorized,2053526,PHY-212,linked_detail,linked_detail,https://canvas.oregonstate.edu/courses/2053526/quizzes/3160480/questions/59026197,https://canvas.oregonstate.edu/courses/2053526/quizzes/3160480/questions/59026197,Unauthorized,quiz,3160480,3,,,raw_html/00778-phy-212-linked-detail-unauthorized.html,text/00778-phy-212-linked-detail-unauthorized.txt,text/00778-phy-212-linked-detail-unauthorized.fulltext.txt,markdown/00778-phy-212-linked-detail-unauthorized.md,,metadata/00778-phy-212-linked-detail-unauthorized.json,0ff442a41d7cb97ab13c78941002d2b22bb984c1bf514a4c4ab106e1dd3e80f5,2b62e20d47d477eacda81c2beef0dbb06e7f4e1a1021b68e5f70be2917f36f5b,2026-07-18T06:47:31.709Z,1,13,2,0,0,0
00779-phy-212-linked-detail-m2-2pre-general-physics-with-calculus-ph-212-400-u2026,2053526,PHY-212,linked_detail,linked_detail,https://canvas.oregonstate.edu/courses/2053526/quizzes/3160472/take?user_id=6660414,https://canvas.oregonstate.edu/courses/2053526/quizzes/3160472/take?user_id=6660414,M2-2pre: GENERAL PHYSICS WITH CALCULUS (PH_212_400_U2026),quiz,3160472,3,,,raw_html/00779-phy-212-linked-detail-m2-2pre-general-physics-with-calculus-ph-212-400-u2026.html,text/00779-phy-212-linked-detail-m2-2pre-general-physics-with-calculus-ph-212-400-u2026.txt,text/00779-phy-212-linked-detail-m2-2pre-general-physics-with-calculus-ph-212-400-u2026.fulltext.txt,markdown/00779-phy-212-linked-detail-m2-2pre-general-physics-with-calculus-ph-212-400-u2026.md,,metadata/00779-phy-212-linked-detail-m2-2pre-general-physics-with-calculus-ph-212-400-u2026.json,b3c0af6fbda8ad3e3aff953a22a64e0adb31d58cbbe60453ea467146d8c9a53d,43c7c2e60356294deff0559b41c92e998fee36f7d289a32fdfca6c6c29d9699e,2026-07-18T06:47:36.071Z,2,35,2,0,0,0
00780-phy-212-linked-detail-m2-3pre-general-physics-with-calculus-ph-212-400-u2026,2053526,PHY-212,linked_detail,linked_detail,https://canvas.oregonstate.edu/courses/2053526/quizzes/3160442/take?user_id=6660414,https://canvas.oregonstate.edu/courses/2053526/quizzes/3160442/take?user_id=6660414,M2-3pre: GENERAL PHYSICS WITH CALCULUS (PH_212_400_U2026),quiz,3160442,3,,,raw_html/00780-phy-212-linked-detail-m2-3pre-general-physics-with-calculus-ph-212-400-u2026.html,text/00780-phy-212-linked-detail-m2-3pre-general-physics-with-calculus-ph-212-400-u2026.txt,text/00780-phy-212-linked-detail-m2-3pre-general-physics-with-calculus-ph-212-400-u2026.fulltext.txt,markdown/00780-phy-212-linked-detail-m2-3pre-general-physics-with-calculus-ph-212-400-u2026.md,,metadata/00780-phy-212-linked-detail-m2-3pre-general-physics-with-calculus-ph-212-400-u2026.json,46c41f2e916fc2b8c937f7cb91d02ced3557ec4c0299055b0931407336bb2e85,2a332fbf1a6a31e8249e331d70e1bd4640618f08ef05a4fbcc47db6d4b20fb7f,2026-07-18T06:47:38.925Z,2,35,2,0,0,0
00781-phy-212-linked-detail-m2-4pre-general-physics-with-calculus-ph-212-400-u2026,2053526,PHY-212,linked_detail,linked_detail,https://canvas.oregonstate.edu/courses/2053526/quizzes/3160455/take?user_id=6660414,https://canvas.oregonstate.edu/courses/2053526/quizzes/3160455/take?user_id=6660414,M2-4pre: GENERAL PHYSICS WITH CALCULUS (PH_212_400_U2026),quiz,3160455,3,,,raw_html/00781-phy-212-linked-detail-m2-4pre-general-physics-with-calculus-ph-212-400-u2026.html,text/00781-phy-212-linked-detail-m2-4pre-general-physics-with-calculus-ph-212-400-u2026.txt,text/00781-phy-212-linked-detail-m2-4pre-general-physics-with-calculus-ph-212-400-u2026.fulltext.txt,markdown/00781-phy-212-linked-detail-m2-4pre-general-physics-with-calculus-ph-212-400-u2026.md,,metadata/00781-phy-212-linked-detail-m2-4pre-general-physics-with-calculus-ph-212-400-u2026.json,34b2e1e0c6e6af77cb9d39e12425b786ccd83fa5b7eb7244f458632acfb00c58,53977463bc79ca4480307e241035317ed711fb7625ca471f996a603083e083f8,2026-07-18T06:47:42.021Z,2,35,2,0,0,0
00782-phy-212-linked-detail-m2-5pre-general-physics-with-calculus-ph-212-400-u2026,2053526,PHY-212,linked_detail,linked_detail,https://canvas.oregonstate.edu/courses/2053526/quizzes/3160496/take?user_id=6660414,https://canvas.oregonstate.edu/courses/2053526/quizzes/3160496/take?user_id=6660414,M2-5pre: GENERAL PHYSICS WITH CALCULUS (PH_212_400_U2026),quiz,3160496,3,,,raw_html/00782-phy-212-linked-detail-m2-5pre-general-physics-with-calculus-ph-212-400-u2026.html,text/00782-phy-212-linked-detail-m2-5pre-general-physics-with-calculus-ph-212-400-u2026.txt,text/00782-phy-212-linked-detail-m2-5pre-general-physics-with-calculus-ph-212-400-u2026.fulltext.txt,markdown/00782-phy-212-linked-detail-m2-5pre-general-physics-with-calculus-ph-212-400-u2026.md,,metadata/00782-phy-212-linked-detail-m2-5pre-general-physics-with-calculus-ph-212-400-u2026.json,5a60627c7133234078c9091b0db88c7bf670589e54ff0ad0599688c5e3d6bdeb,adb0cb912df5497bfc694dcaa09a1d2a9a75282cb755512f1e13d74d92383d6b,2026-07-18T06:47:45.413Z,2,35,2,0,0,0
00783-phy-212-linked-detail-m2-6pre-general-physics-with-calculus-ph-212-400-u2026,2053526,PHY-212,linked_detail,linked_detail,https://canvas.oregonstate.edu/courses/2053526/quizzes/3160521/take?user_id=6660414,https://canvas.oregonstate.edu/courses/2053526/quizzes/3160521/take?user_id=6660414,M2-6pre: GENERAL PHYSICS WITH CALCULUS (PH_212_400_U2026),quiz,3160521,3,,,raw_html/00783-phy-212-linked-detail-m2-6pre-general-physics-with-calculus-ph-212-400-u2026.html,text/00783-phy-212-linked-detail-m2-6pre-general-physics-with-calculus-ph-212-400-u2026.txt,text/00783-phy-212-linked-detail-m2-6pre-general-physics-with-calculus-ph-212-400-u2026.fulltext.txt,markdown/00783-phy-212-linked-detail-m2-6pre-general-physics-with-calculus-ph-212-400-u2026.md,,metadata/00783-phy-212-linked-detail-m2-6pre-general-physics-with-calculus-ph-212-400-u2026.json,8f33503505a5d1da9e7d9ed109d5ec8bc2f759a1a7a9e14548e080ac0de481ab,73820ca980f1b90678ba02718de5aeae7c5abde5a05d2d8871fdd204d3ebd9ac,2026-07-18T06:47:48.267Z,2,35,2,0,0,0
00784-phy-212-linked-detail-m2-1asy-general-physics-with-calculus-ph-212-400-u2026,2053526,PHY-212,linked_detail,linked_detail,https://canvas.oregonstate.edu/courses/2053526/quizzes/3160451/take?user_id=6660414,https://canvas.oregonstate.edu/courses/2053526/quizzes/3160451/take?user_id=6660414,M2-1asy: GENERAL PHYSICS WITH CALCULUS (PH_212_400_U2026),quiz,3160451,3,,,raw_html/00784-phy-212-linked-detail-m2-1asy-general-physics-with-calculus-ph-212-400-u2026.html,text/00784-phy-212-linked-detail-m2-1asy-general-physics-with-calculus-ph-212-400-u2026.txt,text/00784-phy-212-linked-detail-m2-1asy-general-physics-with-calculus-ph-212-400-u2026.fulltext.txt,markdown/00784-phy-212-linked-detail-m2-1asy-general-physics-with-calculus-ph-212-400-u2026.md,,metadata/00784-phy-212-linked-detail-m2-1asy-general-physics-with-calculus-ph-212-400-u2026.json,2f0d95d4c7813751a03a72d5193ed09dc685d9930326809865b9c07e29c745b6,a2414b15aceb99490a8a41bd1c9f9f19fe4f501216c7f5186dd44c5e8f6fc666,2026-07-18T06:47:51.223Z,4,36,2,0,0,0
00785-phy-212-linked-detail-m2-2asy-general-physics-with-calculus-ph-212-400-u2026,2053526,PHY-212,linked_detail,linked_detail,https://canvas.oregonstate.edu/courses/2053526/quizzes/3160527/take?user_id=6660414,https://canvas.oregonstate.edu/courses/2053526/quizzes/3160527/take?user_id=6660414,M2-2asy: GENERAL PHYSICS WITH CALCULUS (PH_212_400_U2026),quiz,3160527,3,,,raw_html/00785-phy-212-linked-detail-m2-2asy-general-physics-with-calculus-ph-212-400-u2026.html,text/00785-phy-212-linked-detail-m2-2asy-general-physics-with-calculus-ph-212-400-u2026.txt,text/00785-phy-212-linked-detail-m2-2asy-general-physics-with-calculus-ph-212-400-u2026.fulltext.txt,markdown/00785-phy-212-linked-detail-m2-2asy-general-physics-with-calculus-ph-212-400-u2026.md,,metadata/00785-phy-212-linked-detail-m2-2asy-general-physics-with-calculus-ph-212-400-u2026.json,ef37e77118d23e7188c7562149fc053e60b13b9c1017f00a937d23ffefb0f385,fc32f594173a8e254e0a7a0aa977f9ce0d1d21ad89c3c05c3b19ffb941c9393f,2026-07-18T06:47:53.920Z,4,36,2,0,0,0
00786-phy-212-linked-detail-m2-3asy-general-physics-with-calculus-ph-212-400-u2026,2053526,PHY-212,linked_detail,linked_detail,https://canvas.oregonstate.edu/courses/2053526/quizzes/3160534/take?user_id=6660414,https://canvas.oregonstate.edu/courses/2053526/quizzes/3160534/take?user_id=6660414,M2-3asy: GENERAL PHYSICS WITH CALCULUS (PH_212_400_U2026),quiz,3160534,3,,,raw_html/00786-phy-212-linked-detail-m2-3asy-general-physics-with-calculus-ph-212-400-u2026.html,text/00786-phy-212-linked-detail-m2-3asy-general-physics-with-calculus-ph-212-400-u2026.txt,text/00786-phy-212-linked-detail-m2-3asy-general-physics-with-calculus-ph-212-400-u2026.fulltext.txt,markdown/00786-phy-212-linked-detail-m2-3asy-general-physics-with-calculus-ph-212-400-u2026.md,,metadata/00786-phy-212-linked-detail-m2-3asy-general-physics-with-calculus-ph-212-400-u2026.json,66ecf976bb4b1806dac4ccdfdfdc5286152488a2688a03850dd90de8cb03891b,5884268998a31e24e7f86bac11f8815c20ac99deabb553cc4317e03fc275d6ca,2026-07-18T06:47:56.564Z,4,36,2,0,0,0
00787-phy-212-linked-detail-m2-4asy-general-physics-with-calculus-ph-212-400-u2026,2053526,PHY-212,linked_detail,linked_detail,https://canvas.oregonstate.edu/courses/2053526/quizzes/3160441/take?user_id=6660414,https://canvas.oregonstate.edu/courses/2053526/quizzes/3160441/take?user_id=6660414,M2-4asy: GENERAL PHYSICS WITH CALCULUS (PH_212_400_U2026),quiz,3160441,3,,,raw_html/00787-phy-212-linked-detail-m2-4asy-general-physics-with-calculus-ph-212-400-u2026.html,text/00787-phy-212-linked-detail-m2-4asy-general-physics-with-calculus-ph-212-400-u2026.txt,text/00787-phy-212-linked-detail-m2-4asy-general-physics-with-calculus-ph-212-400-u2026.fulltext.txt,markdown/00787-phy-212-linked-detail-m2-4asy-general-physics-with-calculus-ph-212-400-u2026.md,,metadata/00787-phy-212-linked-detail-m2-4asy-general-physics-with-calculus-ph-212-400-u2026.json,fd4a5b7282246ac43bdf93293633b3dceb85b999b767f70e046d8bfc7dbcd5fd,e68d7cfdccc79d853a221f786b07652553c04d1611453495d4dd09c2e83d2ce6,2026-07-18T06:47:59.114Z,4,36,2,0,0,0
00788-phy-212-linked-detail-m2-5asy-general-physics-with-calculus-ph-212-400-u2026,2053526,PHY-212,linked_detail,linked_detail,https://canvas.oregonstate.edu/courses/2053526/quizzes/3160463/take?user_id=6660414,https://canvas.oregonstate.edu/courses/2053526/quizzes/3160463/take?user_id=6660414,M2-5asy: GENERAL PHYSICS WITH CALCULUS (PH_212_400_U2026),quiz,3160463,3,,,raw_html/00788-phy-212-linked-detail-m2-5asy-general-physics-with-calculus-ph-212-400-u2026.html,text/00788-phy-212-linked-detail-m2-5asy-general-physics-with-calculus-ph-212-400-u2026.txt,text/00788-phy-212-linked-detail-m2-5asy-general-physics-with-calculus-ph-212-400-u2026.fulltext.txt,markdown/00788-phy-212-linked-detail-m2-5asy-general-physics-with-calculus-ph-212-400-u2026.md,,metadata/00788-phy-212-linked-detail-m2-5asy-general-physics-with-calculus-ph-212-400-u2026.json,18616ae78279ca7563d836e9401e2badfd105e8ab3831c8940b86d1537cd38b0,07ddf63aaff5db636e08089c7d873f2a8a361942b1430084be1d3fb5a960bc1a,2026-07-18T06:48:01.662Z,4,36,2,0,0,0
00789-phy-212-linked-detail-lab-group-check-in-survey-lab-3-general-physics-with-calculus-ph-212-400-u2026,2053526,PHY-212,linked_detail,linked_detail,https://canvas.oregonstate.edu/courses/2053526/quizzes/3160510,https://canvas.oregonstate.edu/courses/2053526/quizzes/3160510,Lab Group Check-In Survey (Lab 3): GENERAL PHYSICS WITH CALCULUS (PH_212_400_U2026),quiz,3160510,3,,,raw_html/00789-phy-212-linked-detail-lab-group-check-in-survey-lab-3-general-physics-with-calculus-ph-212-400-u2026.html,text/00789-phy-212-linked-detail-lab-group-check-in-survey-lab-3-general-physics-with-calculus-ph-212-400-u2026.txt,text/00789-phy-212-linked-detail-lab-group-check-in-survey-lab-3-general-physics-with-calculus-ph-212-400-u2026.fulltext.txt,markdown/00789-phy-212-linked-detail-lab-group-check-in-survey-lab-3-general-physics-with-calculus-ph-212-400-u2026.md,,metadata/00789-phy-212-linked-detail-lab-group-check-in-survey-lab-3-general-physics-with-calculus-ph-212-400-u2026.json,d81fe5732cd38d42f08c1483b217abe653d93f6c67960e1e94d7eff2891b4990,96299e3ee5e9b9785a820322e10a2d683825fcf71b2d6479450a2de691bc68f1,2026-07-18T06:48:04.611Z,3,34,2,0,0,0
00790-phy-212-linked-detail-hw-5-gravity-general-physics-with-calculus-ph-212-400-u2026,2053526,PHY-212,linked_detail,linked_detail,https://canvas.oregonstate.edu/courses/2053526/quizzes/3160499/take?user_id=6660414,https://canvas.oregonstate.edu/courses/2053526/quizzes/3160499/take?user_id=6660414,Hw 5 - Gravity: GENERAL PHYSICS WITH CALCULUS (PH_212_400_U2026),quiz,3160499,3,,,raw_html/00790-phy-212-linked-detail-hw-5-gravity-general-physics-with-calculus-ph-212-400-u2026.html,text/00790-phy-212-linked-detail-hw-5-gravity-general-physics-with-calculus-ph-212-400-u2026.txt,text/00790-phy-212-linked-detail-hw-5-gravity-general-physics-with-calculus-ph-212-400-u2026.fulltext.txt,markdown/00790-phy-212-linked-detail-hw-5-gravity-general-physics-with-calculus-ph-212-400-u2026.md,,metadata/00790-phy-212-linked-detail-hw-5-gravity-general-physics-with-calculus-ph-212-400-u2026.json,6ff508fa87a1695a5527135824b645c253a974f3ffeeb45588ed4809a0919727,8a9b3f00850ceac78587d4964fc27b3275433e7debc5e73d333c85c8480ea77d,2026-07-18T06:48:07.571Z,2,60,2,0,0,0
00791-phy-212-linked-detail-jacob-peterson-s-quiz-history-hw-5-gravity,2053526,PHY-212,linked_detail,linked_detail,https://canvas.oregonstate.edu/courses/2053526/quizzes/3160499/history?version=1,https://canvas.oregonstate.edu/courses/2053526/quizzes/3160499/history?version=1,Jacob Peterson's Quiz History: Hw 5 - Gravity,quiz,3160499,3,,,raw_html/00791-phy-212-linked-detail-jacob-peterson-s-quiz-history-hw-5-gravity.html,text/00791-phy-212-linked-detail-jacob-peterson-s-quiz-history-hw-5-gravity.txt,text/00791-phy-212-linked-detail-jacob-peterson-s-quiz-history-hw-5-gravity.fulltext.txt,markdown/00791-phy-212-linked-detail-jacob-peterson-s-quiz-history-hw-5-gravity.md,,metadata/00791-phy-212-linked-detail-jacob-peterson-s-quiz-history-hw-5-gravity.json,6b3bea8996098d24a3107311e5b08d147e6f950a2c6851e8f3bcf4bfd3341984,f2a48a3c472419b8add2984219a2453e09075ee142f0ee6765f875b23aef915d,2026-07-18T06:48:11.134Z,1,60,2,0,0,0
00792-phy-212-linked-detail-hw-5-gravity-general-physics-with-calculus-ph-212-400-u2026,2053526,PHY-212,linked_detail,linked_detail,https://canvas.oregonstate.edu/courses/2053526/quizzes/3160499#,https://canvas.oregonstate.edu/courses/2053526/quizzes/3160499#,Hw 5 - Gravity: GENERAL PHYSICS WITH CALCULUS (PH_212_400_U2026),quiz,3160499,3,,,raw_html/00792-phy-212-linked-detail-hw-5-gravity-general-physics-with-calculus-ph-212-400-u2026.html,text/00792-phy-212-linked-detail-hw-5-gravity-general-physics-with-calculus-ph-212-400-u2026.txt,text/00792-phy-212-linked-detail-hw-5-gravity-general-physics-with-calculus-ph-212-400-u2026.fulltext.txt,markdown/00792-phy-212-linked-detail-hw-5-gravity-general-physics-with-calculus-ph-212-400-u2026.md,,metadata/00792-phy-212-linked-detail-hw-5-gravity-general-physics-with-calculus-ph-212-400-u2026.json,e446332542144643a04df92a6e68fc8237b5a65b16609f2b5493dd1869ffe5a0,8a9b3f00850ceac78587d4964fc27b3275433e7debc5e73d333c85c8480ea77d,2026-07-18T06:48:14.421Z,2,60,2,0,0,0
00793-phy-212-linked-detail-unauthorized,2053526,PHY-212,linked_detail,linked_detail,https://canvas.oregonstate.edu/courses/2053526/quizzes/3160499/questions/59026270,https://canvas.oregonstate.edu/courses/2053526/quizzes/3160499/questions/59026270,Unauthorized,quiz,3160499,3,,,raw_html/00793-phy-212-linked-detail-unauthorized.html,text/00793-phy-212-linked-detail-unauthorized.txt,text/00793-phy-212-linked-detail-unauthorized.fulltext.txt,markdown/00793-phy-212-linked-detail-unauthorized.md,,metadata/00793-phy-212-linked-detail-unauthorized.json,67d30ce078927d8dde958ccad9efdc844aabd0d4ebc0c17f823d4d5a17d82496,2b62e20d47d477eacda81c2beef0dbb06e7f4e1a1021b68e5f70be2917f36f5b,2026-07-18T06:48:17.116Z,1,13,2,0,0,0
00794-phy-212-linked-detail-unauthorized,2053526,PHY-212,linked_detail,linked_detail,https://canvas.oregonstate.edu/courses/2053526/quizzes/3160499/questions/59026271,https://canvas.oregonstate.edu/courses/2053526/quizzes/3160499/questions/59026271,Unauthorized,quiz,3160499,3,,,raw_html/00794-phy-212-linked-detail-unauthorized.html,text/00794-phy-212-linked-detail-unauthorized.txt,text/00794-phy-212-linked-detail-unauthorized.fulltext.txt,markdown/00794-phy-212-linked-detail-unauthorized.md,,metadata/00794-phy-212-linked-detail-unauthorized.json,ab0393e7dc8271b2abccb6539fee1d32617f1b9ee91c830152bf15681a835490,2b62e20d47d477eacda81c2beef0dbb06e7f4e1a1021b68e5f70be2917f36f5b,2026-07-18T06:48:19.662Z,1,13,2,0,0,0
00795-phy-212-linked-detail-unauthorized,2053526,PHY-212,linked_detail,linked_detail,https://canvas.oregonstate.edu/courses/2053526/quizzes/3160499/questions/59026272,https://canvas.oregonstate.edu/courses/2053526/quizzes/3160499/questions/59026272,Unauthorized,quiz,3160499,3,,,raw_html/00795-phy-212-linked-detail-unauthorized.html,text/00795-phy-212-linked-detail-unauthorized.txt,text/00795-phy-212-linked-detail-unauthorized.fulltext.txt,markdown/00795-phy-212-linked-detail-unauthorized.md,,metadata/00795-phy-212-linked-detail-unauthorized.json,9c0dd52249819e1627a7f166ef5412eb7903aea4fbc5c51c734b03f27f89d6d7,2b62e20d47d477eacda81c2beef0dbb06e7f4e1a1021b68e5f70be2917f36f5b,2026-07-18T06:48:21.863Z,1,13,2,0,0,0
00796-phy-212-linked-detail-unauthorized,2053526,PHY-212,linked_detail,linked_detail,https://canvas.oregonstate.edu/courses/2053526/quizzes/3160499/questions/59026273,https://canvas.oregonstate.edu/courses/2053526/quizzes/3160499/questions/59026273,Unauthorized,quiz,3160499,3,,,raw_html/00796-phy-212-linked-detail-unauthorized.html,text/00796-phy-212-linked-detail-unauthorized.txt,text/00796-phy-212-linked-detail-unauthorized.fulltext.txt,markdown/00796-phy-212-linked-detail-unauthorized.md,,metadata/00796-phy-212-linked-detail-unauthorized.json,2ac08554da77ace8f7924e106639f8afe57afb4f1c1760fbae1cf845d570edfc,2b62e20d47d477eacda81c2beef0dbb06e7f4e1a1021b68e5f70be2917f36f5b,2026-07-18T06:48:24.012Z,1,13,2,0,0,0
00797-phy-212-linked-detail-unauthorized,2053526,PHY-212,linked_detail,linked_detail,https://canvas.oregonstate.edu/courses/2053526/quizzes/3160499/questions/59026274,https://canvas.oregonstate.edu/courses/2053526/quizzes/3160499/questions/59026274,Unauthorized,quiz,3160499,3,,,raw_html/00797-phy-212-linked-detail-unauthorized.html,text/00797-phy-212-linked-detail-unauthorized.txt,text/00797-phy-212-linked-detail-unauthorized.fulltext.txt,markdown/00797-phy-212-linked-detail-unauthorized.md,,metadata/00797-phy-212-linked-detail-unauthorized.json,a1e975c7eaf0cdf4c7d7ea3549f5fdd7fc3d3dddc7f64193453ae8c5d5fb00fb,2b62e20d47d477eacda81c2beef0dbb06e7f4e1a1021b68e5f70be2917f36f5b,2026-07-18T06:48:26.520Z,1,13,2,0,0,0
00798-phy-212-linked-detail-unauthorized,2053526,PHY-212,linked_detail,linked_detail,https://canvas.oregonstate.edu/courses/2053526/quizzes/3160499/questions/59026275,https://canvas.oregonstate.edu/courses/2053526/quizzes/3160499/questions/59026275,Unauthorized,quiz,3160499,3,,,raw_html/00798-phy-212-linked-detail-unauthorized.html,text/00798-phy-212-linked-detail-unauthorized.txt,text/00798-phy-212-linked-detail-unauthorized.fulltext.txt,markdown/00798-phy-212-linked-detail-unauthorized.md,,metadata/00798-phy-212-linked-detail-unauthorized.json,82ebbbb8a8a7f255fcad76707dfca6308f61e8ef85f2786c4f34ff36b90d4e0f,2b62e20d47d477eacda81c2beef0dbb06e7f4e1a1021b68e5f70be2917f36f5b,2026-07-18T06:48:28.862Z,1,13,2,0,0,0
00799-phy-212-linked-detail-unauthorized,2053526,PHY-212,linked_detail,linked_detail,https://canvas.oregonstate.edu/courses/2053526/quizzes/3160499/questions/59026276,https://canvas.oregonstate.edu/courses/2053526/quizzes/3160499/questions/59026276,Unauthorized,quiz,3160499,3,,,raw_html/00799-phy-212-linked-detail-unauthorized.html,text/00799-phy-212-linked-detail-unauthorized.txt,text/00799-phy-212-linked-detail-unauthorized.fulltext.txt,markdown/00799-phy-212-linked-detail-unauthorized.md,,metadata/00799-phy-212-linked-detail-unauthorized.json,190840afff7590ec03f896cab04f4cb3eff4b483cd5cdad0ffbc993e03cf387c,2b62e20d47d477eacda81c2beef0dbb06e7f4e1a1021b68e5f70be2917f36f5b,2026-07-18T06:48:31.311Z,1,13,2,0,0,0
00800-phy-212-linked-detail-unauthorized,2053526,PHY-212,linked_detail,linked_detail,https://canvas.oregonstate.edu/courses/2053526/quizzes/3160499/questions/59026277,https://canvas.oregonstate.edu/courses/2053526/quizzes/3160499/questions/59026277,Unauthorized,quiz,3160499,3,,,raw_html/00800-phy-212-linked-detail-unauthorized.html,text/00800-phy-212-linked-detail-unauthorized.txt,text/00800-phy-212-linked-detail-unauthorized.fulltext.txt,markdown/00800-phy-212-linked-detail-unauthorized.md,,metadata/00800-phy-212-linked-detail-unauthorized.json,3ec05fa3daa3b213db6d0be0144471043d6f848c7f0f3573c1c8150e24cf3539,2b62e20d47d477eacda81c2beef0dbb06e7f4e1a1021b68e5f70be2917f36f5b,2026-07-18T06:48:33.808Z,1,13,2,0,0,0
00801-phy-212-linked-detail-m3-1pre-general-physics-with-calculus-ph-212-400-u2026,2053526,PHY-212,linked_detail,linked_detail,https://canvas.oregonstate.edu/courses/2053526/quizzes/3160450/take?user_id=6660414,https://canvas.oregonstate.edu/courses/2053526/quizzes/3160450/take?user_id=6660414,M3-1pre: GENERAL PHYSICS WITH CALCULUS (PH_212_400_U2026),quiz,3160450,3,,,raw_html/00801-phy-212-linked-detail-m3-1pre-general-physics-with-calculus-ph-212-400-u2026.html,text/00801-phy-212-linked-detail-m3-1pre-general-physics-with-calculus-ph-212-400-u2026.txt,text/00801-phy-212-linked-detail-m3-1pre-general-physics-with-calculus-ph-212-400-u2026.fulltext.txt,markdown/00801-phy-212-linked-detail-m3-1pre-general-physics-with-calculus-ph-212-400-u2026.md,,metadata/00801-phy-212-linked-detail-m3-1pre-general-physics-with-calculus-ph-212-400-u2026.json,5558ae8bdb2c212d40e5b47dd941cff668e8843dff019d15e2fde39688c2747c,81110438c3d241352f6cd95c97fe31fb758f323722e511df85688c503af95135,2026-07-18T06:48:36.162Z,2,35,2,0,0,0
00802-phy-212-linked-detail-m3-2pre-general-physics-with-calculus-ph-212-400-u2026,2053526,PHY-212,linked_detail,linked_detail,https://canvas.oregonstate.edu/courses/2053526/quizzes/3160492/take?user_id=6660414,https://canvas.oregonstate.edu/courses/2053526/quizzes/3160492/take?user_id=6660414,M3-2pre: GENERAL PHYSICS WITH CALCULUS (PH_212_400_U2026),quiz,3160492,3,,,raw_html/00802-phy-212-linked-detail-m3-2pre-general-physics-with-calculus-ph-212-400-u2026.html,text/00802-phy-212-linked-detail-m3-2pre-general-physics-with-calculus-ph-212-400-u2026.txt,text/00802-phy-212-linked-detail-m3-2pre-general-physics-with-calculus-ph-212-400-u2026.fulltext.txt,markdown/00802-phy-212-linked-detail-m3-2pre-general-physics-with-calculus-ph-212-400-u2026.md,,metadata/00802-phy-212-linked-detail-m3-2pre-general-physics-with-calculus-ph-212-400-u2026.json,b52d27c38ed3f93057f86f2f607a0aff29df2ef6b27260f459a6ef4291a87493,bdbedf8b49cb47bf7b944efc139e169e58eb9b69269c3cb76a2932eb2e2aad3d,2026-07-18T06:48:38.711Z,2,35,2,0,0,0
00803-phy-212-linked-detail-m3-1asy-general-physics-with-calculus-ph-212-400-u2026,2053526,PHY-212,linked_detail,linked_detail,https://canvas.oregonstate.edu/courses/2053526/quizzes/3160477/take?user_id=6660414,https://canvas.oregonstate.edu/courses/2053526/quizzes/3160477/take?user_id=6660414,M3-1asy: GENERAL PHYSICS WITH CALCULUS (PH_212_400_U2026),quiz,3160477,3,,,raw_html/00803-phy-212-linked-detail-m3-1asy-general-physics-with-calculus-ph-212-400-u2026.html,text/00803-phy-212-linked-detail-m3-1asy-general-physics-with-calculus-ph-212-400-u2026.txt,text/00803-phy-212-linked-detail-m3-1asy-general-physics-with-calculus-ph-212-400-u2026.fulltext.txt,markdown/00803-phy-212-linked-detail-m3-1asy-general-physics-with-calculus-ph-212-400-u2026.md,,metadata/00803-phy-212-linked-detail-m3-1asy-general-physics-with-calculus-ph-212-400-u2026.json,33e357f500eda845475a3db5bc46069b6b484f6ee992c00c2904173da1e65a1b,979f0783e03fc853187f085f4504a449d16f56c3ecb6cc139e35c4c49d98db23,2026-07-18T06:48:41.011Z,4,36,2,0,0,0
00804-phy-212-linked-detail-m3-2asy-general-physics-with-calculus-ph-212-400-u2026,2053526,PHY-212,linked_detail,linked_detail,https://canvas.oregonstate.edu/courses/2053526/quizzes/3160468/take?user_id=6660414,https://canvas.oregonstate.edu/courses/2053526/quizzes/3160468/take?user_id=6660414,M3-2asy: GENERAL PHYSICS WITH CALCULUS (PH_212_400_U2026),quiz,3160468,3,,,raw_html/00804-phy-212-linked-detail-m3-2asy-general-physics-with-calculus-ph-212-400-u2026.html,text/00804-phy-212-linked-detail-m3-2asy-general-physics-with-calculus-ph-212-400-u2026.txt,text/00804-phy-212-linked-detail-m3-2asy-general-physics-with-calculus-ph-212-400-u2026.fulltext.txt,markdown/00804-phy-212-linked-detail-m3-2asy-general-physics-with-calculus-ph-212-400-u2026.md,,metadata/00804-phy-212-linked-detail-m3-2asy-general-physics-with-calculus-ph-212-400-u2026.json,526bc6c9e32b48cddff735f604a04153a65ec81664e07d640a23fa5548336aa1,cb4aa6858042cfec99f7e3015bd76d617be8838e77168e4374af8b638b96bc1b,2026-07-18T06:48:43.414Z,4,36,2,0,0,0
00805-phy-212-linked-detail-excel-skills-handout-general-physics-with-calculus-ph-212-400-u2026,2053526,PHY-212,linked_detail,linked_detail,https://canvas.oregonstate.edu/courses/2053526/pages/excel-skills-handout-2,https://canvas.oregonstate.edu/courses/2053526/pages/excel-skills-handout-2,Excel Skills Handout: GENERAL PHYSICS WITH CALCULUS (PH_212_400_U2026),page,excel-skills-handout-2,3,,yes,raw_html/00805-phy-212-linked-detail-excel-skills-handout-general-physics-with-calculus-ph-212-400-u2026.html,text/00805-phy-212-linked-detail-excel-skills-handout-general-physics-with-calculus-ph-212-400-u2026.txt,text/00805-phy-212-linked-detail-excel-skills-handout-general-physics-with-calculus-ph-212-400-u2026.fulltext.txt,markdown/00805-phy-212-linked-detail-excel-skills-handout-general-physics-with-calculus-ph-212-400-u2026.md,,metadata/00805-phy-212-linked-detail-excel-skills-handout-general-physics-with-calculus-ph-212-400-u2026.json,91054a049bc04a385f8cad8ad696e1ab8dafad7700adc443c2e375f0c6341f78,75c358df872e2b20fcbb7357de4b599101352133e1ca364fdf7375f3a5e38551,2026-07-18T06:48:54.539Z,7,59,8,0,0,0
00806-phy-212-linked-detail-hw-6-oscillations-general-physics-with-calculus-ph-212-400-u2026,2053526,PHY-212,linked_detail,linked_detail,https://canvas.oregonstate.edu/courses/2053526/quizzes/3160513/take?user_id=6660414,https://canvas.oregonstate.edu/courses/2053526/quizzes/3160513/take?user_id=6660414,Hw 6 - Oscillations: GENERAL PHYSICS WITH CALCULUS (PH_212_400_U2026),quiz,3160513,3,,,raw_html/00806-phy-212-linked-detail-hw-6-oscillations-general-physics-with-calculus-ph-212-400-u2026.html,text/00806-phy-212-linked-detail-hw-6-oscillations-general-physics-with-calculus-ph-212-400-u2026.txt,text/00806-phy-212-linked-detail-hw-6-oscillations-general-physics-with-calculus-ph-212-400-u2026.fulltext.txt,markdown/00806-phy-212-linked-detail-hw-6-oscillations-general-physics-with-calculus-ph-212-400-u2026.md,,metadata/00806-phy-212-linked-detail-hw-6-oscillations-general-physics-with-calculus-ph-212-400-u2026.json,01427f286920a0cac3d570757a9b35e999308805c6fc82506e6ed01ccd878a3a,4e9ede0afdf6a85e1e2e693da88659bf90811f47d8a3a4f8da3a481f94a2fb0c,2026-07-18T06:48:58.562Z,2,35,2,0,0,0
00807-phy-212-linked-detail-lab-group-check-in-survey-lab-5-general-physics-with-calculus-ph-212-400-u2026,2053526,PHY-212,linked_detail,linked_detail,https://canvas.oregonstate.edu/courses/2053526/quizzes/3160466,https://canvas.oregonstate.edu/courses/2053526/quizzes/3160466,Lab Group Check-In Survey (Lab 5): GENERAL PHYSICS WITH CALCULUS (PH_212_400_U2026),quiz,3160466,3,,,raw_html/00807-phy-212-linked-detail-lab-group-check-in-survey-lab-5-general-physics-with-calculus-ph-212-400-u2026.html,text/00807-phy-212-linked-detail-lab-group-check-in-survey-lab-5-general-physics-with-calculus-ph-212-400-u2026.txt,text/00807-phy-212-linked-detail-lab-group-check-in-survey-lab-5-general-physics-with-calculus-ph-212-400-u2026.fulltext.txt,markdown/00807-phy-212-linked-detail-lab-group-check-in-survey-lab-5-general-physics-with-calculus-ph-212-400-u2026.md,,metadata/00807-phy-212-linked-detail-lab-group-check-in-survey-lab-5-general-physics-with-calculus-ph-212-400-u2026.json,b71708366010be8c0280dd7e7de14381f4bd83003246fc7b63e0e00a29880d5c,caa4c11b349478a2b38f441e78fd9b13d73155895e1514410eb1eae20554f363,2026-07-18T06:49:01.187Z,1,34,2,0,0,0
00808-phy-212-linked-detail-torsion-pendulum-instructions-general-physics-with-calculus-ph-212-400-u2026,2053526,PHY-212,linked_detail,linked_detail,https://canvas.oregonstate.edu/courses/2053526/pages/torsion-pendulum-instructions,https://canvas.oregonstate.edu/courses/2053526/pages/torsion-pendulum-instructions,Torsion Pendulum Instructions: GENERAL PHYSICS WITH CALCULUS (PH_212_400_U2026),page,torsion-pendulum-instructions,3,,,raw_html/00808-phy-212-linked-detail-torsion-pendulum-instructions-general-physics-with-calculus-ph-212-400-u2026.html,text/00808-phy-212-linked-detail-torsion-pendulum-instructions-general-physics-with-calculus-ph-212-400-u2026.txt,text/00808-phy-212-linked-detail-torsion-pendulum-instructions-general-physics-with-calculus-ph-212-400-u2026.fulltext.txt,markdown/00808-phy-212-linked-detail-torsion-pendulum-instructions-general-physics-with-calculus-ph-212-400-u2026.md,,metadata/00808-phy-212-linked-detail-torsion-pendulum-instructions-general-physics-with-calculus-ph-212-400-u2026.json,74f0b3538acf8ea0de3e411a967cfee6ab4f6f6cb0eb3b328217a2fbe1f92f5a,47544132ac51f5e3dd2d604a77bcfec10d4db446d6b8ba44831842529aab2196,2026-07-18T06:49:03.823Z,14,33,2,0,0,0
00809-phy-212-linked-detail-simple-pendulum-instructions-general-physics-with-calculus-ph-212-400-u2026,2053526,PHY-212,linked_detail,linked_detail,https://canvas.oregonstate.edu/courses/2053526/pages/simple-pendulum-instructions,https://canvas.oregonstate.edu/courses/2053526/pages/simple-pendulum-instructions,Simple Pendulum Instructions: GENERAL PHYSICS WITH CALCULUS (PH_212_400_U2026),page,simple-pendulum-instructions,3,,,raw_html/00809-phy-212-linked-detail-simple-pendulum-instructions-general-physics-with-calculus-ph-212-400-u2026.html,text/00809-phy-212-linked-detail-simple-pendulum-instructions-general-physics-with-calculus-ph-212-400-u2026.txt,text/00809-phy-212-linked-detail-simple-pendulum-instructions-general-physics-with-calculus-ph-212-400-u2026.fulltext.txt,markdown/00809-phy-212-linked-detail-simple-pendulum-instructions-general-physics-with-calculus-ph-212-400-u2026.md,,metadata/00809-phy-212-linked-detail-simple-pendulum-instructions-general-physics-with-calculus-ph-212-400-u2026.json,3ddeea465d01aefc63a9023de45a05ee59a403c79bc1ab8d3d667ae9f1a43e4b,ebcb8f3cff212fa6836e93a2dcb321c53dd7a660c701186986980661674f32e2,2026-07-18T06:49:06.516Z,5,34,2,0,0,0
00810-mth-252-linked-detail-trig-integrals-example-2-with-odd-power,2080857,MTH-252,linked_detail,linked_detail,https://canvas.oregonstate.edu/courses/2080857/modules/items/26982733,https://canvas.oregonstate.edu/courses/2080857/modules/items/26982733,Trig Integrals: Example 2 with ODD power,module_item,26982733,4,,,raw_html/00810-mth-252-linked-detail-trig-integrals-example-2-with-odd-power.html,text/00810-mth-252-linked-detail-trig-integrals-example-2-with-odd-power.txt,text/00810-mth-252-linked-detail-trig-integrals-example-2-with-odd-power.fulltext.txt,markdown/00810-mth-252-linked-detail-trig-integrals-example-2-with-odd-power.md,,metadata/00810-mth-252-linked-detail-trig-integrals-example-2-with-odd-power.json,3ce6a26f0adb6f0be55c20f997facc48074cd794bb1a460a65440ec614a9e323,7b795a03b659e3a0a7ecfbfc500146711919b5c21a79e89fe5e9c4d966d1d8e4,2026-07-18T06:49:09.201Z,1,30,2,0,0,0
00811-phy-212-linked-detail-jacob-peterson-s-quiz-history-hw-4-rotational-dynamics,2053526,PHY-212,linked_detail,linked_detail,https://canvas.oregonstate.edu/courses/2053526/quizzes/3160480/history?version=2,https://canvas.oregonstate.edu/courses/2053526/quizzes/3160480/history?version=2,Jacob Peterson's Quiz History: Hw 4 - Rotational Dynamics,quiz,3160480,4,,,raw_html/00811-phy-212-linked-detail-jacob-peterson-s-quiz-history-hw-4-rotational-dynamics.html,text/00811-phy-212-linked-detail-jacob-peterson-s-quiz-history-hw-4-rotational-dynamics.txt,text/00811-phy-212-linked-detail-jacob-peterson-s-quiz-history-hw-4-rotational-dynamics.fulltext.txt,markdown/00811-phy-212-linked-detail-jacob-peterson-s-quiz-history-hw-4-rotational-dynamics.md,,metadata/00811-phy-212-linked-detail-jacob-peterson-s-quiz-history-hw-4-rotational-dynamics.json,e111c2b81eb281de6fefc9b14c4c5e019b9f68d3f1f658dc02bc9a3c64866d8d,a2cac29bfc849eb65b8a80e61086fed5fa9607d6605080d766363a83667536a1,2026-07-18T06:49:12.178Z,1,76,2,0,0,0
00812-phy-212-linked-detail-jacob-peterson-s-quiz-history-hw-4-rotational-dynamics,2053526,PHY-212,linked_detail,linked_detail,https://canvas.oregonstate.edu/courses/2053526/quizzes/3160480/history?version=1,https://canvas.oregonstate.edu/courses/2053526/quizzes/3160480/history?version=1,Jacob Peterson's Quiz History: Hw 4 - Rotational Dynamics,quiz,3160480,4,,,raw_html/00812-phy-212-linked-detail-jacob-peterson-s-quiz-history-hw-4-rotational-dynamics.html,text/00812-phy-212-linked-detail-jacob-peterson-s-quiz-history-hw-4-rotational-dynamics.txt,text/00812-phy-212-linked-detail-jacob-peterson-s-quiz-history-hw-4-rotational-dynamics.fulltext.txt,markdown/00812-phy-212-linked-detail-jacob-peterson-s-quiz-history-hw-4-rotational-dynamics.md,,metadata/00812-phy-212-linked-detail-jacob-peterson-s-quiz-history-hw-4-rotational-dynamics.json,a156decc3b1763d9e95a4cd3c539b2e54332d713f7c462830b39f69c20fba028,7068a5f5d0d9fbb39f87c74a5cbdaa6a2ec3f35633a22047b1fe35705fdbecbc,2026-07-18T06:49:15.767Z,1,76,2,0,0,0
00813-mth-252-linked-detail-trig-integrals-example-3-with-odd-power,2080857,MTH-252,linked_detail,linked_detail,https://canvas.oregonstate.edu/courses/2080857/modules/items/26982734,https://canvas.oregonstate.edu/courses/2080857/modules/items/26982734,Trig Integrals: Example 3 with ODD power,module_item,26982734,5,,,raw_html/00813-mth-252-linked-detail-trig-integrals-example-3-with-odd-power.html,text/00813-mth-252-linked-detail-trig-integrals-example-3-with-odd-power.txt,text/00813-mth-252-linked-detail-trig-integrals-example-3-with-odd-power.fulltext.txt,markdown/00813-mth-252-linked-detail-trig-integrals-example-3-with-odd-power.md,,metadata/00813-mth-252-linked-detail-trig-integrals-example-3-with-odd-power.json,549e189380c80327f2de80749191e2acbdd43675d043cbe39a27b49b1dc631d9,2bc14dc46c745893fa6ada4baee2aeab05df4735728a34fbaa208b5ef1fe323d,2026-07-18T06:49:18.410Z,1,30,3,0,0,0
00814-mth-252-linked-detail-trig-integral-involving-secant,2080857,MTH-252,linked_detail,linked_detail,https://canvas.oregonstate.edu/courses/2080857/modules/items/26982735,https://canvas.oregonstate.edu/courses/2080857/modules/items/26982735,Trig integral involving secant,module_item,26982735,6,,,raw_html/00814-mth-252-linked-detail-trig-integral-involving-secant.html,text/00814-mth-252-linked-detail-trig-integral-involving-secant.txt,text/00814-mth-252-linked-detail-trig-integral-involving-secant.fulltext.txt,markdown/00814-mth-252-linked-detail-trig-integral-involving-secant.md,,metadata/00814-mth-252-linked-detail-trig-integral-involving-secant.json,5d9b3f6bd7ed07416d03e43ad6ce7acf657c54a46e72f7456932ff7972c0ccb5,17aeaa36d0d9290613059344d41c1e26322b3c9e5ebcd98cfd1901a5c6ef21f4,2026-07-18T06:49:21.215Z,1,28,3,0,0,0
